0 0.303633 0.914194 0.320130 0.155114
0 0.129539 0.235977 0.100661 0.102311
0 0.504953 0.539606 0.415843 0.465345
0 0.380366 0.093236 0.668317 0.186471
0 0.204624 0.504953 0.353135 0.415843
0 0.396867 0.255778 0.348187 0.297031
0 0.888617 0.382840 0.219473 0.184821
0 0.839111 0.775579 0.305280 0.429043
0 0.946370 0.887791 0.107259 0.145212
0 0.924920 0.560233 0.136963 0.235973
0 0.615514 0.904292 0.132012 0.191416
0 0.829211 0.333335 0.113864 0.112210
0 0.868813 0.057759 0.249176 0.105609
0 0.636966 0.262378 0.194720 0.207920
0 0.901818 0.199673 0.150166 0.161715
