0 0.094061 0.608913 0.188122 0.141914
0 0.926571 0.303633 0.143564 0.171615
0 0.929870 0.738452 0.123763 0.094059
0 0.632842 0.415843 0.163366 0.184818
0 0.913369 0.548683 0.169967 0.199671
0 0.632015 0.588286 0.082507 0.080856
0 0.050332 0.349014 0.100664 0.166667
0 0.214525 0.132015 0.330033 0.227721
0 0.448844 0.671619 0.217806 0.468649
0 0.319310 0.733501 0.080859 0.100661
0 0.372114 0.391916 0.087458 0.084157
0 0.682345 0.107266 0.608910 0.201315
0 0.747528 0.292907 0.158415 0.150163
0 0.754953 0.601488 0.080856 0.080859
0 0.148517 0.471950 0.092412 0.082507
0 0.221125 0.325085 0.184821 0.207923
0 0.821785 0.149342 0.171618 0.183171
0 0.840762 0.924920 0.136966 0.087458
