0 0.797902 0.575130 0.254124 0.245872
0 0.188167 0.852358 0.077559 0.080856
0 0.177440 0.453843 0.181520 0.184821
0 0.900218 0.354832 0.194707 0.240921
0 0.134536 0.251706 0.155114 0.143581
0 0.476947 0.675789 0.166667 0.186468
0 0.219520 0.143613 0.179867 0.237624
0 0.679915 0.345757 0.061055 0.061058
0 0.616385 0.225295 0.257425 0.202972
0 0.043776 0.584206 0.036302 0.049505
0 0.027664 0.781400 0.055329 0.070957
0 0.280576 0.919189 0.117161 0.112214
0 0.536351 0.872160 0.186471 0.189769
0 0.370511 0.835031 0.095710 0.085811
0 0.580081 0.599883 0.194720 0.179870
0 0.618859 0.414238 0.094059 0.082507
0 0.189816 0.698892 0.150166 0.183167
0 0.061104 0.947243 0.077559 0.085807
0 0.453843 0.432391 0.292080 0.244222
0 0.742576 0.425745 0.089111 0.085807
0 0.942246 0.750827 0.099010 0.135313
0 0.900993 0.943896 0.112214 0.089108
0 0.795382 0.738452 0.155114 0.150166
0 0.721123 0.897692 0.191413 0.188118
0 0.944720 0.154292 0.110560 0.097360
