0 0.580861 0.084985 0.221123 0.133662
0 0.080861 0.323434 0.155114 0.330033
0 0.475244 0.435648 0.481868 0.231022
0 0.225243 0.848099 0.447184 0.297201
0 0.515679 0.834160 0.133662 0.110560
0 0.074261 0.632840 0.138613 0.179867
0 0.179871 0.538783 0.112210 0.123763
0 0.817656 0.212873 0.334987 0.198018
0 0.908421 0.399334 0.179863 0.207907
0 0.853138 0.613864 0.267324 0.237624
0 0.666670 0.776406 0.132012 0.123763
0 0.790438 0.862207 0.402653 0.176563
0 0.306934 0.663369 0.128711 0.112214
0 0.532181 0.609738 0.117161 0.087458
0 0.658418 0.641917 0.099010 0.089108
0 0.338286 0.232676 0.198018 0.293730
0 0.417493 0.094886 0.145215 0.163366
0 0.845713 0.055283 0.268978 0.100658
0 0.107264 0.099012 0.075908 0.069307
0 0.193071 0.632840 0.056104 0.041253
0 0.080859 0.085811 0.161719 0.171621
