0 0.143566 0.659243 0.066006 0.064359
0 0.072609 0.952974 0.132015 0.087458
0 0.935646 0.514854 0.125413 0.234323
0 0.905117 0.922445 0.080859 0.075905
0 0.493408 0.559408 0.217806 0.171615
0 0.101488 0.849837 0.080859 0.085807
0 0.858913 0.150078 0.278880 0.191595
0 0.707923 0.780531 0.069310 0.082507
0 0.941421 0.752477 0.117158 0.145215
0 0.462874 0.806934 0.064355 0.059408
0 0.718649 0.486802 0.344883 0.297028
0 0.263203 0.773931 0.173268 0.122113
0 0.046206 0.543730 0.079209 0.070957
0 0.018979 0.790431 0.037952 0.056104
0 0.334160 0.965350 0.268978 0.066006
0 0.357262 0.657593 0.107259 0.097360
0 0.190597 0.254128 0.292080 0.293730
0 0.389442 0.400993 0.297028 0.290430
0 0.480200 0.117990 0.273929 0.222770
