0 0.499181 0.070960 0.998350 0.141921
0 0.326740 0.321790 0.224424 0.283828
0 0.488455 0.840767 0.201318 0.315179
0 0.446377 0.603968 0.328385 0.386139
0 0.938123 0.870465 0.123753 0.259069
0 0.717004 0.773115 0.143564 0.160078
0 0.209578 0.073439 0.165016 0.143564
0 0.209578 0.599019 0.415843 0.554456
0 0.234331 0.900173 0.224424 0.193066
0 0.061888 0.840767 0.123763 0.298682
0 0.617170 0.372946 0.204619 0.237624
0 0.920796 0.542913 0.158408 0.333333
0 0.233506 0.179876 0.196367 0.204622
0 0.735156 0.222778 0.315182 0.356436
