0 0.363044 0.945545 0.267337 0.095713
0 0.940596 0.830036 0.099010 0.082507
0 0.843236 0.518154 0.092409 0.099010
0 0.933984 0.568490 0.095703 0.067643
0 0.739276 0.613862 0.085811 0.118812
0 0.447201 0.518148 0.227734 0.224447
0 0.187295 0.382015 0.074258 0.064355
0 0.391092 0.351488 0.072607 0.066009
0 0.326735 0.731851 0.125410 0.140264
0 0.627065 0.033005 0.122113 0.066009
0 0.788781 0.854788 0.174919 0.151816
0 0.101497 0.094072 0.199674 0.174941
0 0.919144 0.166670 0.148516 0.198021
0 0.113864 0.660068 0.194720 0.148516
0 0.112215 0.873768 0.217822 0.239268
0 0.797856 0.349839 0.090758 0.118812
0 0.928219 0.380366 0.143561 0.189769
0 0.597365 0.871291 0.151820 0.095706
0 0.914193 0.924093 0.161719 0.138617
0 0.892743 0.698021 0.204619 0.188118
0 0.438947 0.271455 0.066006 0.057754
0 0.228551 0.172445 0.169967 0.120462
0 0.837461 0.169146 0.133665 0.100661
0 0.781354 0.931520 0.169967 0.130365
