0 0.211270 0.636182 0.268978 0.292090
0 0.414240 0.411764 0.232673 0.173268
0 0.136187 0.250047 0.174919 0.176566
0 0.062754 0.451367 0.110560 0.295378
0 0.141961 0.803677 0.275576 0.260726
0 0.605659 0.633711 0.183167 0.217819
0 0.586681 0.354834 0.165016 0.141914
0 0.530575 0.750047 0.125413 0.103962
0 0.724469 0.844932 0.077559 0.082507
0 0.827604 0.642786 0.145215 0.156764
0 0.790477 0.510775 0.064359 0.064355
0 0.617209 0.114735 0.097360 0.107262
0 0.580081 0.885360 0.132012 0.097360
0 0.821829 0.815228 0.113861 0.145215
0 0.896087 0.302853 0.103958 0.103962
0 0.711268 0.245098 0.130361 0.110560
0 0.740146 0.165889 0.112214 0.110560
0 0.822655 0.133711 0.102308 0.108913
0 0.950106 0.194767 0.099788 0.118812
0 0.960443 0.425789 0.067656 0.079209
0 0.417539 0.753348 0.166667 0.354788
0 0.134536 0.033875 0.138617 0.057757
0 0.449718 0.118859 0.072607 0.085811
