0 0.561104 0.087507 0.173268 0.171615
0 0.125461 0.571829 0.229372 0.163366
0 0.397736 0.710444 0.193070 0.189769
0 0.113084 0.321009 0.217822 0.311888
0 0.411763 0.088332 0.115511 0.130361
0 0.321829 0.090806 0.084160 0.122113
0 0.056978 0.953018 0.108910 0.084160
0 0.106483 0.752523 0.211221 0.343236
0 0.283882 0.207977 0.123773 0.132028
0 0.718696 0.070999 0.092406 0.085801
0 0.951756 0.511600 0.096488 0.211221
0 0.886185 0.893610 0.226068 0.206270
0 0.257474 0.656813 0.070957 0.069310
0 0.261598 0.385360 0.148516 0.196370
0 0.167539 0.095757 0.194720 0.165016
0 0.603184 0.212918 0.389440 0.165016
0 0.705495 0.532230 0.485143 0.470306
0 0.389487 0.506649 0.133662 0.204619
0 0.690651 0.868034 0.171602 0.178216
0 0.744272 0.500872 0.222770 0.232676
0 0.509123 0.366385 0.118812 0.115511
0 0.257474 0.897738 0.074258 0.062708
0 0.365560 0.304504 0.092409 0.100661
0 0.891136 0.147736 0.206270 0.285479
0 0.127936 0.020675 0.247526 0.041253
