0 0.105658 0.709618 0.176569 0.171618
0 0.470345 0.637837 0.305280 0.295381
0 0.106055 0.406820 0.212109 0.298665
0 0.305330 0.192292 0.189762 0.212871
0 0.343283 0.252523 0.087458 0.092409
0 0.622985 0.350719 0.323431 0.193092
0 0.627943 0.127930 0.283815 0.229362
0 0.076781 0.207144 0.148516 0.193070
0 0.415063 0.089982 0.151813 0.146865
0 0.776450 0.592451 0.108910 0.161725
0 0.939816 0.094927 0.085811 0.123753
0 0.808628 0.154338 0.133662 0.140264
0 0.033439 0.646087 0.066878 0.222773
0 0.089157 0.938167 0.176569 0.110560
0 0.280575 0.758299 0.146865 0.107262
0 0.306979 0.475295 0.166667 0.132015
0 0.555327 0.896087 0.112210 0.128711
0 0.733547 0.861434 0.201318 0.125413
0 0.279751 0.612259 0.168317 0.145215
