0 0.401038 0.938991 0.117161 0.108913
0 0.808628 0.532225 0.199671 0.321781
0 0.768200 0.260773 0.141914 0.158415
0 0.240972 0.963745 0.209574 0.066006
0 0.317703 0.781400 0.112210 0.127064
0 0.933216 0.948893 0.132012 0.089108
0 0.931130 0.524800 0.137741 0.528050
0 0.745098 0.073480 0.089108 0.094062
0 0.862259 0.068529 0.132012 0.130365
0 0.588332 0.197243 0.323434 0.262376
0 0.343281 0.070181 0.222773 0.136963
0 0.211268 0.221995 0.232673 0.176569
0 0.032227 0.166714 0.059408 0.174919
0 0.055329 0.927440 0.102311 0.112210
0 0.094932 0.785526 0.102311 0.105609
0 0.544603 0.616383 0.496699 0.414193
0 0.388662 0.438166 0.772279 0.331683
