0 0.054067 0.519023 0.108135 0.117161
0 0.330907 0.825955 0.207920 0.199671
0 0.061929 0.076779 0.118812 0.143564
0 0.398563 0.190641 0.105609 0.268978
0 0.757472 0.722819 0.232673 0.227721
0 0.492622 0.732721 0.250824 0.231022
0 0.849058 0.890311 0.293727 0.186468
0 0.908027 0.494271 0.183945 0.404290
0 0.915063 0.085031 0.168317 0.169964
0 0.929090 0.244271 0.127061 0.141914
0 0.591624 0.492622 0.346549 0.318480
0 0.302853 0.204668 0.343232 0.402643
0 0.535526 0.926615 0.207920 0.120462
0 0.245098 0.595750 0.297031 0.389424
0 0.702192 0.253348 0.254124 0.460394
