0 0.889440 0.394391 0.221120 0.135313
0 0.737625 0.925744 0.108910 0.122113
0 0.379541 0.922438 0.102311 0.108900
0 0.314359 0.195547 0.176569 0.110560
0 0.858088 0.745877 0.283825 0.313532
0 0.190597 0.046206 0.097360 0.092412
0 0.350662 0.793732 0.189769 0.158415
0 0.084162 0.577560 0.128714 0.115511
0 0.273929 0.504128 0.339935 0.556107
0 0.623758 0.466999 0.369652 0.320130
0 0.911717 0.075908 0.176566 0.151816
0 0.589930 0.907593 0.094072 0.174919
0 0.922445 0.245877 0.148516 0.155114
0 0.698022 0.246702 0.168317 0.202969
0 0.133665 0.366338 0.267331 0.191419
0 0.088286 0.832511 0.176566 0.328382
0 0.268154 0.120464 0.067656 0.118812
