0 0.427440 0.151864 0.443896 0.303630
0 0.188993 0.727770 0.211221 0.194720
0 0.099058 0.886187 0.163369 0.112210
0 0.274800 0.913408 0.224424 0.169980
0 0.060283 0.530581 0.118822 0.130374
0 0.092458 0.334206 0.176569 0.179870
0 0.080905 0.144437 0.156764 0.169967
0 0.304502 0.437342 0.280527 0.313532
0 0.729421 0.651037 0.539603 0.387790
0 0.568529 0.817705 0.283828 0.361387
0 0.336681 0.741797 0.133662 0.140267
0 0.484372 0.399386 0.181517 0.161715
0 0.304502 0.171665 0.138613 0.118812
0 0.872985 0.160114 0.252474 0.303633
0 0.775625 0.329255 0.315182 0.361387
0 0.636187 0.657638 0.310231 0.311878
0 0.824305 0.933216 0.168317 0.127064
0 0.750872 0.050378 0.166667 0.094063
