0 0.316014 0.187301 0.186468 0.150163
0 0.326740 0.659248 0.207920 0.199668
0 0.400173 0.784660 0.136966 0.097360
0 0.472780 0.254132 0.229375 0.244222
0 0.911720 0.929049 0.176559 0.132012
0 0.685653 0.911724 0.232673 0.163369
0 0.403473 0.892747 0.354785 0.201322
0 0.150994 0.739277 0.301989 0.521445
0 0.818486 0.645221 0.363027 0.524753
0 0.930697 0.339116 0.138607 0.470296
0 0.316839 0.061888 0.085807 0.123763
0 0.610568 0.110568 0.495049 0.217822
0 0.761559 0.254134 0.275579 0.333333
0 0.474430 0.453802 0.391087 0.369635
0 0.198027 0.449676 0.303633 0.239274
0 0.155122 0.321790 0.303630 0.201322
