0 0.549554 0.073480 0.166667 0.140267
0 0.725295 0.252523 0.181520 0.181517
0 0.666715 0.460444 0.070957 0.075908
0 0.589157 0.362259 0.084160 0.070957
0 0.347407 0.638662 0.092412 0.095710
0 0.884922 0.791286 0.218698 0.407526
0 0.475295 0.859782 0.226071 0.237624
0 0.142788 0.693940 0.264027 0.331683
0 0.129585 0.914240 0.250824 0.158415
0 0.309451 0.883714 0.174912 0.196374
0 0.200544 0.207967 0.389440 0.402640
0 0.440641 0.154339 0.206270 0.216172
0 0.540477 0.267375 0.108910 0.118812
0 0.427440 0.467044 0.196370 0.181517
0 0.476120 0.680741 0.085807 0.077555
0 0.912588 0.302028 0.169967 0.564355
0 0.788825 0.089157 0.212871 0.174915
0 0.612259 0.954668 0.169967 0.084160
0 0.721995 0.769849 0.059408 0.090758
