0 0.090755 0.942241 0.181510 0.102321
0 0.731025 0.471950 0.207923 0.191419
0 0.430697 0.801982 0.376237 0.343236
0 0.962048 0.658420 0.075905 0.122113
0 0.644391 0.798682 0.084160 0.108913
0 0.880366 0.165018 0.107262 0.072607
0 0.083337 0.573434 0.160065 0.120462
0 0.898517 0.404292 0.127061 0.125413
0 0.438947 0.657593 0.442243 0.684814
0 0.660588 0.170518 0.262373 0.336888
0 0.181522 0.249181 0.353135 0.495042
0 0.721950 0.648517 0.057754 0.062705
0 0.161719 0.275579 0.297031 0.174915
0 0.972773 0.937297 0.054453 0.085811
0 0.349837 0.181522 0.191419 0.171618
0 0.108919 0.698844 0.201335 0.229368
0 0.726074 0.835811 0.059408 0.080859
0 0.953799 0.059408 0.089108 0.118815
0 0.123766 0.103963 0.191419 0.158415
