0 0.427441 0.025627 0.064355 0.047855
0 0.615558 0.035526 0.239274 0.061058
0 0.874635 0.108133 0.245872 0.209574
0 0.869248 0.423315 0.261504 0.288779
0 0.041691 0.179915 0.083382 0.224421
0 0.270675 0.023151 0.084157 0.046204
0 0.501699 0.122160 0.120462 0.085811
0 0.190205 0.479421 0.380410 0.466999
0 0.595321 0.638662 0.809359 0.372936
0 0.703843 0.239321 0.293727 0.267327
0 0.287176 0.170840 0.150166 0.133665
0 0.575955 0.416714 0.173265 0.153467
0 0.828818 0.804504 0.342363 0.381188
0 0.107310 0.031401 0.193070 0.059404
0 0.141961 0.122983 0.133662 0.140264
