0 0.613040 0.910895 0.377891 0.174915
0 0.597362 0.133667 0.178219 0.178219
0 0.319310 0.109740 0.466999 0.216172
0 0.596538 0.348187 0.523102 0.419141
0 0.236802 0.602313 0.288779 0.280531
0 0.209582 0.827555 0.402627 0.338314
0 0.115514 0.278880 0.221120 0.267324
0 0.880369 0.752477 0.219463 0.481849
0 0.928213 0.429870 0.140280 0.169967
0 0.930697 0.160889 0.138607 0.150163
0 0.834160 0.054458 0.331680 0.105609
0 0.043730 0.458748 0.087461 0.069307
0 0.366340 0.397692 0.346533 0.313529
0 0.457098 0.737627 0.257425 0.283828
0 0.183171 0.082523 0.366341 0.155137
