0 0.563535 0.820133 0.216172 0.181517
0 0.604788 0.336636 0.084160 0.062705
0 0.202148 0.915843 0.123763 0.135312
0 0.080861 0.592406 0.132015 0.145202
0 0.871291 0.170794 0.118812 0.110560
0 0.624590 0.150993 0.344883 0.100658
0 0.783008 0.610570 0.133659 0.224434
0 0.485150 0.890265 0.333333 0.219469
0 0.605614 0.219474 0.082510 0.105609
0 0.909242 0.541257 0.181517 0.277227
0 0.021455 0.149342 0.042904 0.084160
0 0.326735 0.158418 0.151816 0.112214
0 0.793732 0.359738 0.105609 0.115511
0 0.334987 0.245052 0.188118 0.061055
0 0.827560 0.721125 0.193070 0.174919
0 0.897692 0.872939 0.184818 0.221120
0 0.059408 0.454622 0.108913 0.107259
0 0.088281 0.765591 0.176562 0.175068
0 0.502477 0.537957 0.410892 0.359736
0 0.252477 0.562708 0.148516 0.198021
0 0.127889 0.301982 0.090758 0.075905
0 0.183996 0.230200 0.127061 0.090758
