0 0.674093 0.282998 0.638617 0.397676
0 0.841631 0.787176 0.265677 0.346533
0 0.886966 0.513205 0.199668 0.254124
0 0.287131 0.184826 0.122113 0.204632
0 0.149611 0.167446 0.158089 0.146930
0 0.360565 0.606439 0.288779 0.219473
0 0.092412 0.490926 0.181517 0.325081
0 0.607262 0.491751 0.339935 0.504948
0 0.901038 0.056979 0.117161 0.113861
0 0.202187 0.051201 0.333346 0.095710
0 0.227770 0.396087 0.067656 0.066009
0 0.812754 0.122985 0.181517 0.242572
0 0.573480 0.049528 0.376237 0.099056
0 0.428267 0.151864 0.211221 0.171618
0 0.494222 0.812700 0.988444 0.361403
