0 0.959572 0.036305 0.080856 0.072611
0 0.435646 0.138617 0.072607 0.079206
0 0.671619 0.772280 0.148512 0.118812
0 0.516504 0.756603 0.102311 0.136963
0 0.150166 0.072611 0.145215 0.102311
0 0.612214 0.858089 0.171615 0.194720
0 0.769805 0.783006 0.107259 0.087458
0 0.155944 0.929870 0.259076 0.123763
0 0.037957 0.073434 0.072607 0.133665
0 0.128716 0.339937 0.118812 0.089111
0 0.069308 0.518154 0.138617 0.151816
0 0.066009 0.216999 0.102311 0.123763
0 0.764854 0.912542 0.163366 0.174915
0 0.070959 0.694722 0.141917 0.217822
0 0.372941 0.809408 0.310231 0.321784
