0 0.268979 0.468649 0.122113 0.108913
0 0.768979 0.478550 0.217822 0.316833
0 0.580861 0.611388 0.392738 0.272275
0 0.514855 0.177394 0.217822 0.186468
0 0.155111 0.199679 0.310221 0.240941
0 0.485151 0.869640 0.214521 0.217822
0 0.500003 0.348187 0.475247 0.336634
0 0.233501 0.763203 0.354788 0.206270
0 0.078377 0.510736 0.140251 0.166680
0 0.080859 0.900993 0.161719 0.174915
0 0.080036 0.369640 0.107259 0.079209
0 0.917495 0.832511 0.072607 0.094059
0 0.856439 0.646043 0.085807 0.097360
0 0.798682 0.813534 0.366335 0.254124
0 0.219476 0.042082 0.429043 0.074255
0 0.856437 0.133667 0.267327 0.264027
0 0.929045 0.470299 0.132015 0.207923
0 0.181520 0.502479 0.089108 0.196370
