0 0.954232 0.361434 0.091536 0.231025
0 0.358133 0.783875 0.110563 0.115511
0 0.960832 0.891961 0.078337 0.186468
0 0.085856 0.283050 0.166667 0.219473
0 0.143612 0.106483 0.282178 0.199671
0 0.354009 0.922490 0.207920 0.141914
0 0.926615 0.577604 0.145215 0.283828
0 0.891961 0.152687 0.201318 0.285479
0 0.708792 0.692292 0.339935 0.209570
0 0.434867 0.319355 0.254128 0.216172
0 0.457144 0.793778 0.414189 0.221123
0 0.358133 0.548727 0.480199 0.325085
0 0.143175 0.821004 0.286351 0.348187
0 0.606483 0.235197 0.396038 0.470296
0 0.838332 0.893612 0.097360 0.143564
