0 0.396873 0.359740 0.516514 0.363040
0 0.471956 0.946370 0.155111 0.107259
0 0.959574 0.300332 0.077559 0.108913
0 0.845711 0.186471 0.097360 0.099010
0 0.262378 0.572609 0.161715 0.174919
0 0.443071 0.603963 0.183167 0.181520
0 0.638617 0.576735 0.148516 0.160065
0 0.602313 0.114689 0.303630 0.222770
0 0.192246 0.746701 0.384492 0.331683
0 0.134491 0.942246 0.268975 0.108913
0 0.440596 0.760728 0.151816 0.122113
0 0.878716 0.066833 0.239274 0.120462
0 0.834985 0.309409 0.128714 0.097360
0 0.792905 0.433996 0.143564 0.075908
0 0.898516 0.630366 0.202969 0.273929
0 0.594888 0.783830 0.090758 0.122113
0 0.099837 0.150991 0.103958 0.094059
0 0.072609 0.465267 0.145218 0.194857
0 0.080861 0.292080 0.158415 0.141914
0 0.745052 0.689771 0.163366 0.214521
0 0.912542 0.915020 0.174915 0.160065
0 0.216999 0.090762 0.150163 0.148516
0 0.334987 0.106437 0.191419 0.212874
0 0.029704 0.027231 0.059408 0.051156
0 0.716174 0.921618 0.122113 0.156764
