0 0.389492 0.500047 0.173255 0.211221
0 0.439818 0.574305 0.092409 0.092412
0 0.792952 0.933216 0.141914 0.100658
0 0.709622 0.617204 0.249180 0.211230
0 0.426621 0.840807 0.171628 0.272279
0 0.888660 0.787171 0.092549 0.292461
0 0.683223 0.457969 0.265664 0.232676
0 0.224469 0.321829 0.064355 0.066009
0 0.457969 0.059453 0.112214 0.102311
0 0.961268 0.386185 0.075908 0.099010
0 0.229421 0.226120 0.074258 0.066009
0 0.241795 0.684035 0.138610 0.117152
0 0.164240 0.921665 0.161715 0.133662
0 0.080081 0.717044 0.145215 0.160065
0 0.608133 0.591631 0.194717 0.127064
0 0.096582 0.140311 0.191419 0.211221
0 0.598232 0.118861 0.155117 0.145215
0 0.096146 0.321004 0.192292 0.087458
0 0.886187 0.476115 0.202972 0.133675
0 0.602357 0.240146 0.166667 0.123763
0 0.099891 0.472827 0.181533 0.064339
0 0.470352 0.317705 0.097344 0.130365
0 0.158024 0.747477 0.316048 0.481999
0 0.612257 0.893607 0.235973 0.183177
0 0.428265 0.205493 0.128711 0.123760
0 0.477770 0.435692 0.125410 0.128714
0 0.853999 0.169185 0.254111 0.179860
0 0.315229 0.286351 0.090758 0.113861
0 0.923317 0.071829 0.082507 0.136966
0 0.641966 0.036353 0.130352 0.062712
0 0.274800 0.069354 0.079209 0.069307
0 0.401042 0.700545 0.143555 0.143571
