0 0.939767 0.847367 0.117145 0.301979
0 0.418324 0.055288 0.113861 0.103962
0 0.487632 0.954624 0.226071 0.090752
0 0.800334 0.094066 0.399333 0.188118
0 0.105614 0.888621 0.211227 0.212874
0 0.108919 0.221955 0.217839 0.189769
0 0.117170 0.042087 0.066006 0.074258
0 0.669976 0.283836 0.158415 0.108910
0 0.468656 0.820138 0.099010 0.118812
0 0.888621 0.224429 0.173265 0.165016
0 0.906769 0.537135 0.186462 0.305280
0 0.301987 0.890272 0.231025 0.183167
0 0.071790 0.636146 0.133665 0.268978
0 0.481855 0.655949 0.178216 0.189769
0 0.679049 0.529710 0.255775 0.280527
0 0.730205 0.834992 0.301979 0.320133
0 0.496707 0.473605 0.122113 0.125413
