0 0.872114 0.292082 0.235973 0.178219
0 0.516502 0.304450 0.155146 0.183184
0 0.348188 0.260729 0.171618 0.138613
0 0.070137 0.606439 0.120469 0.259076
0 0.151818 0.235975 0.293727 0.452145
0 0.346543 0.634489 0.409232 0.483496
0 0.432345 0.103963 0.217822 0.201318
0 0.896040 0.167490 0.165016 0.229382
0 0.924919 0.824263 0.140267 0.117165
0 0.937284 0.618813 0.118838 0.267327
0 0.785482 0.434821 0.290430 0.245872
0 0.704622 0.093237 0.283828 0.156768
0 0.797031 0.749178 0.382839 0.491748
0 0.702979 0.737632 0.254134 0.320120
