0 0.521455 0.375415 0.158418 0.140264
0 0.564359 0.533830 0.221120 0.239274
0 0.407593 0.709574 0.339932 0.326732
0 0.098187 0.811883 0.183171 0.260726
0 0.162544 0.565184 0.325081 0.282178
0 0.191423 0.901818 0.102311 0.189769
0 0.532181 0.105614 0.130365 0.125413
0 0.453797 0.037132 0.132015 0.074258
0 0.688945 0.709574 0.074258 0.128711
0 0.400993 0.337461 0.132012 0.127064
0 0.305283 0.874590 0.171615 0.102311
0 0.965348 0.446372 0.069303 0.123760
0 0.916668 0.090762 0.090758 0.075905
0 0.068483 0.033006 0.070957 0.062705
0 0.112214 0.387791 0.089108 0.155114
0 0.378714 0.566009 0.120462 0.052806
0 0.268979 0.429045 0.161715 0.260726
0 0.315184 0.092412 0.085811 0.095710
