0 0.785474 0.917495 0.145231 0.158415
0 0.470299 0.913369 0.125410 0.117161
0 0.621289 0.961229 0.136966 0.070967
0 0.297856 0.630366 0.245876 0.221123
0 0.646867 0.030529 0.227725 0.047855
0 0.082510 0.839937 0.148516 0.234326
0 0.925745 0.902643 0.138613 0.181517
0 0.467869 0.425791 0.313532 0.191419
0 0.624634 0.660114 0.069307 0.066009
0 0.469518 0.678267 0.099010 0.115511
0 0.963743 0.670015 0.067656 0.099007
0 0.887793 0.384491 0.224414 0.386136
0 0.309408 0.618813 0.447194 0.603962
0 0.580861 0.778055 0.125413 0.143564
0 0.275490 0.746615 0.165166 0.163542
0 0.124590 0.251652 0.239271 0.480199
0 0.199673 0.398517 0.178219 0.176566
0 0.046208 0.602313 0.089108 0.178219
0 0.293735 0.917489 0.168324 0.151807
0 0.700496 0.429870 0.193070 0.209570
0 0.924100 0.084155 0.145225 0.161702
0 0.382840 0.164193 0.313532 0.259076
0 0.665843 0.860563 0.080859 0.103958
0 0.683167 0.179871 0.227728 0.174919
0 0.820138 0.693903 0.234333 0.219486
