0 0.321785 0.160068 0.346533 0.290430
0 0.057759 0.834985 0.112210 0.320133
0 0.088285 0.400993 0.176569 0.326732
0 0.261553 0.645216 0.450495 0.207920
0 0.340762 0.420794 0.358086 0.277227
0 0.062710 0.099012 0.122113 0.198018
0 0.645220 0.170791 0.277223 0.259069
0 0.758250 0.561890 0.463701 0.397705
0 0.877881 0.179040 0.244238 0.338275
0 0.849837 0.905117 0.264023 0.166667
0 0.489269 0.933171 0.146852 0.117161
0 0.243403 0.938122 0.285479 0.110560
0 0.216174 0.787956 0.168317 0.176569
0 0.677394 0.941421 0.146865 0.103962
0 0.540431 0.805283 0.341585 0.138613
0 0.855612 0.789606 0.262376 0.199668
