0 0.462093 0.889487 0.430697 0.214521
0 0.951367 0.281401 0.085807 0.100661
0 0.149386 0.740146 0.257425 0.262376
0 0.743446 0.655988 0.267327 0.229372
0 0.887837 0.105651 0.196370 0.211237
0 0.804504 0.402687 0.105609 0.082510
0 0.801203 0.500872 0.151813 0.150163
0 0.614733 0.372160 0.085807 0.074255
0 0.370509 0.117209 0.336631 0.227725
0 0.617209 0.266549 0.183167 0.179870
0 0.881235 0.366383 0.097360 0.102311
0 0.117598 0.241797 0.235195 0.367988
0 0.463743 0.165889 0.107259 0.113861
0 0.762424 0.296252 0.143564 0.146865
0 0.811922 0.890312 0.242562 0.216172
0 0.936515 0.572655 0.122113 0.405941
0 0.594932 0.439816 0.188118 0.100661
0 0.508299 0.660119 0.150166 0.128701
0 0.128761 0.952192 0.199671 0.085811
0 0.307796 0.445592 0.415853 0.630365
0 0.532225 0.545428 0.125413 0.136963
0 0.099447 0.578431 0.198893 0.202969
0 0.698068 0.122985 0.199671 0.226074
