0 0.113084 0.869684 0.217822 0.257428
0 0.165889 0.514899 0.112214 0.105612
0 0.363908 0.275625 0.112210 0.102311
0 0.504175 0.458794 0.379541 0.363037
0 0.786353 0.358133 0.072607 0.082510
0 0.308630 0.934870 0.265677 0.120456
0 0.725295 0.188167 0.181520 0.191419
0 0.872160 0.251698 0.128714 0.130361
0 0.965783 0.288001 0.068434 0.107259
0 0.867210 0.370509 0.089108 0.110563
0 0.454668 0.050376 0.151816 0.097360
0 0.155550 0.238473 0.311100 0.476947
0 0.376286 0.130410 0.077559 0.079206
0 0.366383 0.188166 0.120462 0.115511
0 0.912590 0.136187 0.094059 0.097360
0 0.226945 0.601533 0.085811 0.061055
0 0.851921 0.647738 0.296159 0.506602
0 0.493447 0.679090 0.061055 0.107262
