0 0.249181 0.924095 0.419150 0.141914
0 0.347363 0.733501 0.169967 0.183167
0 0.578385 0.786305 0.344883 0.315182
0 0.457918 0.583330 0.219482 0.212884
0 0.859740 0.316834 0.141914 0.148512
0 0.811060 0.072611 0.150166 0.145215
0 0.652643 0.064357 0.222773 0.118812
0 0.654294 0.508254 0.117161 0.128714
0 0.529705 0.452972 0.178219 0.222773
0 0.112214 0.385316 0.224421 0.407591
0 0.280529 0.258252 0.168317 0.117161
0 0.396043 0.381190 0.161715 0.128714
0 0.521458 0.304456 0.168307 0.120462
0 0.493402 0.192248 0.145215 0.146865
0 0.137790 0.752477 0.275579 0.316829
0 0.150168 0.300332 0.178219 0.207923
0 0.083337 0.432345 0.113861 0.122113
0 0.206273 0.107264 0.409238 0.204619
0 0.452972 0.056932 0.153464 0.113864
0 0.296208 0.486800 0.219473 0.234323
0 0.646867 0.281356 0.115511 0.136963
0 0.791257 0.236800 0.212871 0.123763
0 0.782181 0.591587 0.227721 0.229372
0 0.851488 0.794556 0.254128 0.242575
0 0.628714 0.144393 0.099010 0.094059
0 0.928221 0.509079 0.140264 0.259076
0 0.773931 0.410068 0.204619 0.199668
