0 0.369684 0.721995 0.120462 0.110560
0 0.340806 0.868034 0.075908 0.099010
0 0.693942 0.844108 0.158418 0.173268
0 0.432391 0.861434 0.110563 0.151813
0 0.608960 0.153512 0.143564 0.201322
0 0.299941 0.390311 0.599883 0.331683
0 0.192681 0.846584 0.375459 0.264027
0 0.330916 0.614733 0.118831 0.140260
0 0.216219 0.649388 0.087458 0.084160
0 0.100708 0.585856 0.179867 0.217819
0 0.168364 0.166714 0.328382 0.247523
0 0.778101 0.522324 0.184821 0.209570
0 0.544603 0.668364 0.255775 0.303630
0 0.676615 0.367209 0.127064 0.136963
0 0.450542 0.160939 0.275576 0.275576
0 0.870514 0.240151 0.254115 0.344893
0 0.844937 0.774800 0.288766 0.318480
0 0.922490 0.527275 0.130365 0.166667
