0 0.169974 0.733506 0.293730 0.292077
0 0.461229 0.462054 0.206273 0.158418
0 0.895218 0.478556 0.196361 0.217822
0 0.921621 0.254132 0.156758 0.254124
0 0.903468 0.095716 0.193063 0.181517
0 0.838288 0.349017 0.323424 0.160065
0 0.792912 0.219479 0.176566 0.244225
0 0.445552 0.055288 0.356436 0.100661
0 0.734331 0.934826 0.356436 0.123760
0 0.856444 0.843247 0.277230 0.303617
0 0.115519 0.909245 0.224424 0.181510
0 0.502477 0.822620 0.133652 0.318496
0 0.358094 0.729380 0.165016 0.171618
0 0.148522 0.219486 0.297031 0.432331
