0 0.671619 0.736802 0.132015 0.249176
0 0.099837 0.498353 0.193066 0.181517
0 0.604787 0.505776 0.275576 0.259079
0 0.147694 0.164193 0.265680 0.249154
0 0.247526 0.452147 0.095710 0.079209
0 0.806108 0.800332 0.183167 0.138613
0 0.924919 0.920789 0.140267 0.145205
0 0.881196 0.633665 0.231012 0.287129
0 0.379539 0.754953 0.079209 0.090758
0 0.516504 0.855612 0.148516 0.160065
0 0.471942 0.136149 0.346553 0.239290
0 0.122931 0.697194 0.117145 0.146855
0 0.400993 0.627889 0.207923 0.199671
0 0.850662 0.186470 0.288779 0.356436
0 0.164194 0.358089 0.061058 0.056107
0 0.499176 0.114689 0.978548 0.229372
