0 0.141136 0.386187 0.277227 0.214521
0 0.840807 0.391961 0.141914 0.146865
0 0.046252 0.213743 0.087458 0.120462
0 0.820179 0.933216 0.348184 0.117161
0 0.166709 0.146082 0.318470 0.226064
0 0.936079 0.685692 0.127842 0.140264
0 0.632450 0.073455 0.728499 0.146911
0 0.245921 0.718695 0.222773 0.156764
0 0.100713 0.853185 0.199681 0.280524
0 0.495924 0.684873 0.165020 0.151829
0 0.514074 0.836681 0.273929 0.231025
0 0.780576 0.244272 0.209570 0.161715
0 0.826779 0.799552 0.288779 0.232673
0 0.758301 0.539648 0.280534 0.194727
0 0.561929 0.167539 0.151813 0.103958
0 0.433732 0.391536 0.194717 0.103620
0 0.949717 0.338330 0.095710 0.145215
0 0.118867 0.556146 0.229388 0.135299
0 0.367209 0.500872 0.207920 0.199668
0 0.589980 0.295428 0.201322 0.217822
0 0.950931 0.516543 0.098138 0.171602
0 0.549552 0.513249 0.179867 0.174915
