0 0.551982 0.157593 0.882839 0.295381
0 0.089111 0.400168 0.171615 0.552803
0 0.077560 0.907594 0.138617 0.102311
0 0.183997 0.726899 0.117161 0.097360
0 0.893568 0.623768 0.209570 0.244215
0 0.549508 0.251654 0.244225 0.259076
0 0.573436 0.473600 0.209567 0.151816
0 0.862214 0.410068 0.173268 0.173268
0 0.726074 0.518154 0.085807 0.128711
0 0.231025 0.386141 0.138613 0.112210
0 0.082511 0.740928 0.079209 0.095710
0 0.445540 0.611390 0.518164 0.308581
0 0.846538 0.166670 0.174919 0.240924
0 0.714523 0.606439 0.108910 0.117161
