0 0.090365 0.225295 0.180729 0.344886
0 0.075130 0.490146 0.145215 0.132012
0 0.232721 0.893612 0.457096 0.206273
0 0.288001 0.365560 0.264023 0.156764
0 0.792952 0.398563 0.138613 0.094059
0 0.659289 0.055327 0.168317 0.103962
0 0.912588 0.693117 0.127064 0.132015
0 0.329256 0.731071 0.155114 0.112214
0 0.915065 0.811104 0.092409 0.127064
0 0.538001 0.410114 0.249173 0.272279
0 0.209618 0.133709 0.103962 0.118812
0 0.160939 0.694767 0.128714 0.105609
0 0.619686 0.740146 0.168317 0.153464
0 0.475295 0.781401 0.087458 0.103962
0 0.558628 0.925767 0.151813 0.148467
0 0.663415 0.491797 0.110560 0.108913
0 0.563579 0.562754 0.108910 0.105612
0 0.782227 0.300378 0.107259 0.102311
0 0.963743 0.198893 0.064355 0.113861
0 0.776450 0.725295 0.105609 0.127061
0 0.420015 0.232721 0.148512 0.158418
0 0.237671 0.483547 0.136963 0.132015
0 0.344932 0.612259 0.259076 0.158418
0 0.345757 0.089982 0.148512 0.150166
0 0.471994 0.044603 0.146865 0.085807
0 0.808628 0.045426 0.084157 0.084160
0 0.537176 0.144438 0.082510 0.094059
