0 0.080081 0.757472 0.145215 0.125413
0 0.378760 0.226945 0.082507 0.077555
0 0.462918 0.307803 0.079209 0.123763
0 0.958792 0.067703 0.070957 0.108910
0 0.832555 0.170015 0.184818 0.194717
0 0.532220 0.580081 0.165026 0.166667
0 0.775625 0.673314 0.298678 0.435645
0 0.079639 0.281400 0.159277 0.206270
0 0.161764 0.110609 0.311882 0.221120
0 0.780576 0.374635 0.169967 0.158418
0 0.174966 0.848232 0.103962 0.082507
0 0.372160 0.398563 0.204619 0.150166
0 0.349883 0.604009 0.163366 0.181520
0 0.647738 0.417539 0.128711 0.141914
0 0.076344 0.505822 0.152689 0.143564
0 0.947243 0.537176 0.103958 0.255778
0 0.938166 0.309453 0.115511 0.107259
0 0.632886 0.108960 0.234326 0.214521
0 0.415063 0.123810 0.207920 0.224424
0 0.641917 0.713700 0.085807 0.087458
0 0.825955 0.050378 0.211221 0.097357
0 0.524800 0.452192 0.153467 0.148512
0 0.179915 0.527275 0.127064 0.222773
0 0.183337 0.396206 0.092409 0.079209
0 0.896087 0.928265 0.097357 0.110560
