0 0.377891 0.435646 0.191419 0.198018
0 0.873765 0.853963 0.245876 0.285479
0 0.648517 0.292907 0.168317 0.153464
0 0.830034 0.476901 0.310231 0.290430
0 0.096536 0.430695 0.193073 0.306930
0 0.538783 0.735977 0.166667 0.240924
0 0.912544 0.098179 0.168317 0.196351
0 0.343237 0.306934 0.207920 0.188118
0 0.099837 0.736795 0.199668 0.513193
0 0.641916 0.419969 0.224424 0.199671
0 0.359738 0.604787 0.102308 0.094059
0 0.249178 0.600662 0.171618 0.118812
0 0.331686 0.881196 0.244225 0.231032
0 0.645216 0.145218 0.359736 0.280527
0 0.232676 0.208747 0.283828 0.417493
0 0.406768 0.065182 0.127064 0.130365
0 0.944722 0.382017 0.107262 0.146865
