0 0.964525 0.716999 0.067656 0.229375
0 0.166675 0.595713 0.283838 0.207923
0 0.093236 0.312708 0.169967 0.232676
0 0.657594 0.294557 0.077559 0.074258
0 0.712873 0.182347 0.155114 0.163366
0 0.495044 0.374595 0.115498 0.069320
0 0.544556 0.587463 0.264027 0.260726
0 0.293732 0.811058 0.128714 0.103958
0 0.893566 0.093236 0.100661 0.156764
0 0.332511 0.267329 0.103962 0.099007
0 0.882840 0.484325 0.221123 0.140264
0 0.770628 0.887791 0.287129 0.145212
0 0.424095 0.884491 0.095710 0.125413
0 0.094069 0.897687 0.118828 0.184827
0 0.854788 0.686470 0.273926 0.079209
0 0.624593 0.066017 0.338314 0.122132
