0 0.925742 0.176577 0.132018 0.250811
0 0.855614 0.321784 0.268975 0.201322
0 0.536307 0.461224 0.079209 0.074258
0 0.522280 0.351488 0.100661 0.105612
0 0.632015 0.831686 0.102311 0.095710
0 0.863039 0.846538 0.267327 0.267327
0 0.751646 0.589938 0.288766 0.285475
0 0.464523 0.721950 0.100661 0.107259
0 0.351488 0.270630 0.158418 0.174919
0 0.648517 0.321784 0.132015 0.138613
0 0.122939 0.048682 0.074258 0.077559
0 0.902642 0.613037 0.125413 0.212871
0 0.767329 0.051982 0.132015 0.090762
0 0.140267 0.197191 0.188118 0.193053
0 0.386963 0.542904 0.232650 0.297005
0 0.693073 0.127065 0.145215 0.224424
0 0.420794 0.096536 0.369635 0.183171
