0 0.457096 0.785488 0.293750 0.339922
0 0.816016 0.452979 0.358073 0.417480
0 0.164193 0.882840 0.311882 0.224424
0 0.800332 0.886141 0.386139 0.221123
0 0.608913 0.297858 0.221120 0.272279
0 0.388615 0.543732 0.153467 0.285479
0 0.103963 0.293732 0.204619 0.221123
0 0.040430 0.646042 0.080859 0.212871
0 0.047858 0.420794 0.089108 0.105612
0 0.183171 0.632840 0.125410 0.226071
0 0.910894 0.772279 0.174919 0.181517
0 0.858089 0.158418 0.273926 0.244225
0 0.368799 0.235150 0.311882 0.404290
0 0.169144 0.481851 0.130365 0.141917
