0 0.213700 0.747528 0.146865 0.125413
0 0.872114 0.056932 0.133662 0.094059
0 0.301982 0.394391 0.217819 0.297031
0 0.779705 0.193896 0.094059 0.117161
0 0.099014 0.632840 0.191419 0.734320
0 0.245877 0.619639 0.128714 0.130365
0 0.216177 0.475244 0.323441 0.158431
0 0.603138 0.556930 0.404290 0.222780
0 0.556108 0.384491 0.122113 0.132015
0 0.382015 0.337461 0.127064 0.146862
0 0.396867 0.194722 0.077555 0.082510
0 0.114689 0.134491 0.173265 0.226071
0 0.924919 0.193896 0.150163 0.212871
0 0.481851 0.698848 0.386136 0.209570
0 0.872111 0.655117 0.186475 0.184818
0 0.910075 0.453799 0.179850 0.198021
0 0.458748 0.058584 0.069307 0.070957
0 0.630366 0.051157 0.207920 0.085811
