0 0.360563 0.450498 0.585807 0.465345
0 0.962873 0.934821 0.074255 0.123763
0 0.919969 0.754128 0.100661 0.128711
0 0.950498 0.414194 0.092409 0.214521
0 0.558584 0.933996 0.153464 0.118812
0 0.896042 0.063532 0.105612 0.127064
0 0.111385 0.079211 0.216162 0.151813
0 0.696372 0.924920 0.125413 0.130361
0 0.420794 0.169967 0.465345 0.330039
0 0.532181 0.841587 0.061055 0.052803
0 0.977725 0.212049 0.037949 0.150166
0 0.655942 0.769803 0.094059 0.097360
0 0.171618 0.650993 0.343236 0.595710
0 0.318483 0.892743 0.429043 0.204619
0 0.393568 0.791257 0.176569 0.153464
0 0.101488 0.282181 0.202969 0.194720
0 0.693071 0.366340 0.161715 0.174919
0 0.542905 0.744227 0.072607 0.079209
