0 0.678265 0.069355 0.120462 0.138613
0 0.599058 0.271501 0.103962 0.117161
0 0.070568 0.122985 0.141136 0.245872
0 0.460443 0.087507 0.169967 0.161719
0 0.308628 0.192292 0.150166 0.315182
0 0.175791 0.458794 0.099010 0.165016
0 0.122985 0.681564 0.237624 0.326735
0 0.804502 0.187340 0.145215 0.156764
0 0.259123 0.619684 0.140264 0.153464
0 0.199718 0.168366 0.140264 0.260729
0 0.623809 0.915889 0.216172 0.155117
0 0.311929 0.429090 0.153467 0.184821
0 0.537176 0.326781 0.125413 0.178216
0 0.809017 0.405164 0.381966 0.193070
0 0.623810 0.743447 0.232673 0.136966
0 0.819354 0.830081 0.168317 0.188118
0 0.418364 0.217044 0.184821 0.166667
0 0.803678 0.066053 0.127064 0.112210
0 0.928265 0.413413 0.132012 0.186468
0 0.938166 0.219520 0.118812 0.207920
0 0.868424 0.875461 0.263151 0.232673
0 0.379587 0.637010 0.064355 0.066006
0 0.288001 0.837507 0.287129 0.305280
0 0.062754 0.385361 0.120462 0.268978
0 0.914627 0.604832 0.170745 0.226071
0 0.413415 0.346582 0.132012 0.122109
0 0.672489 0.548727 0.122113 0.153464
0 0.456318 0.514899 0.125410 0.188118
0 0.058192 0.934041 0.116383 0.125413
