0 0.786307 0.650993 0.087458 0.077559
0 0.946372 0.487627 0.100661 0.169967
0 0.198022 0.230200 0.155114 0.084157
0 0.872938 0.071785 0.254124 0.136963
0 0.684821 0.084160 0.198021 0.158418
0 0.687297 0.902643 0.153467 0.188118
0 0.879539 0.636966 0.112210 0.095710
0 0.301157 0.049508 0.107262 0.095710
0 0.956271 0.750002 0.087458 0.179867
0 0.905117 0.877065 0.169967 0.232673
0 0.060234 0.057757 0.117161 0.102311
0 0.074261 0.335812 0.141914 0.338285
0 0.249176 0.408418 0.181517 0.325085
0 0.358079 0.537132 0.247539 0.318483
0 0.212049 0.962049 0.156768 0.072607
0 0.098187 0.850662 0.133665 0.103962
0 0.466999 0.820960 0.102311 0.113861
0 0.622941 0.583337 0.285479 0.437292
0 0.819308 0.340762 0.325081 0.374590
0 0.477721 0.184829 0.311875 0.353122
