0 0.268198 0.778926 0.168317 0.234323
0 0.184041 0.904338 0.211221 0.165016
0 0.032225 0.740146 0.062705 0.087461
0 0.038826 0.920015 0.069307 0.146865
0 0.203019 0.542127 0.140264 0.100661
0 0.354834 0.608958 0.222773 0.138613
0 0.747578 0.550371 0.325091 0.265664
0 0.282225 0.239321 0.133662 0.122113
0 0.299554 0.489321 0.141914 0.113864
0 0.443942 0.056979 0.080859 0.077559
0 0.623810 0.120511 0.087458 0.095710
0 0.058192 0.261598 0.116383 0.153464
0 0.165889 0.374635 0.204622 0.174915
0 0.057367 0.552026 0.114733 0.143564
0 0.913413 0.844932 0.171618 0.283828
0 0.440641 0.720345 0.156764 0.120462
0 0.969084 0.524800 0.061833 0.217822
0 0.510776 0.884536 0.237627 0.211221
0 0.120509 0.134536 0.183167 0.222770
0 0.297902 0.074305 0.201318 0.138617
0 0.411763 0.226120 0.171618 0.221120
0 0.925789 0.292952 0.107262 0.107259
0 0.814403 0.085858 0.359736 0.171618
0 0.545426 0.073480 0.102311 0.113861
0 0.688993 0.268200 0.356436 0.259076
0 0.745921 0.874635 0.169967 0.204622
0 0.507474 0.420015 0.346536 0.199671
