0 0.055329 0.514899 0.105612 0.359733
0 0.422733 0.417576 0.632015 0.587373
0 0.942285 0.321006 0.110547 0.127064
0 0.596582 0.593283 0.105612 0.090758
0 0.232721 0.930711 0.348184 0.138577
0 0.166714 0.118859 0.318480 0.227725
0 0.447985 0.538001 0.191582 0.148516
0 0.125461 0.330905 0.222770 0.216172
0 0.921663 0.528924 0.092409 0.097360
0 0.935256 0.463743 0.129489 0.181517
0 0.617209 0.134536 0.272275 0.259079
0 0.834198 0.140312 0.330049 0.280527
0 0.651862 0.507472 0.127064 0.103962
0 0.695592 0.847407 0.267324 0.255778
0 0.413413 0.226120 0.224424 0.297031
0 0.912977 0.640311 0.174046 0.211221
0 0.774800 0.346582 0.174919 0.204622
