0 0.912549 0.385322 0.165020 0.209570
0 0.671624 0.143571 0.250827 0.198021
0 0.632020 0.401823 0.158415 0.183171
0 0.374595 0.363869 0.158415 0.176566
0 0.262391 0.221948 0.138630 0.199658
0 0.208750 0.165856 0.410885 0.331699
0 0.118820 0.526411 0.132015 0.158415
0 0.312713 0.588291 0.146865 0.179870
0 0.092414 0.792087 0.184827 0.409238
0 0.500833 0.240931 0.166667 0.138613
0 0.956281 0.103141 0.080856 0.206283
0 0.712879 0.907598 0.112210 0.141914
0 0.480205 0.098193 0.128711 0.160065
0 0.371294 0.098193 0.118812 0.113861
0 0.729380 0.636146 0.171618 0.252474
