0 0.924095 0.056934 0.108913 0.103958
0 0.931519 0.617165 0.136963 0.330033
0 0.117980 0.802809 0.232660 0.173268
0 0.277230 0.608914 0.135313 0.217822
0 0.570959 0.200498 0.257425 0.166667
0 0.655944 0.669969 0.127064 0.161715
0 0.462874 0.622939 0.176569 0.209570
0 0.840760 0.276398 0.262380 0.282165
0 0.198022 0.045381 0.138617 0.070957
0 0.752477 0.050334 0.082507 0.097360
0 0.709574 0.905117 0.161719 0.156764
0 0.844888 0.881190 0.062705 0.062705
0 0.136198 0.285259 0.270632 0.264502
0 0.450496 0.406768 0.306930 0.206270
0 0.321785 0.165845 0.171618 0.150166
0 0.569308 0.872939 0.079209 0.151816
0 0.740926 0.753302 0.128714 0.113864
0 0.952972 0.840762 0.094056 0.077559
0 0.914194 0.490101 0.125413 0.132012
0 0.027230 0.057757 0.054453 0.092409
0 0.372114 0.756603 0.136963 0.107262
0 0.037132 0.648517 0.074258 0.102308
0 0.766504 0.497526 0.153464 0.123763
0 0.951322 0.959572 0.094056 0.080856
0 0.811058 0.638617 0.120462 0.132012
