0 0.483545 0.805329 0.160065 0.141914
0 0.567705 0.680741 0.163366 0.127061
0 0.512425 0.575130 0.188118 0.160065
0 0.572655 0.401038 0.222770 0.244225
0 0.139486 0.906813 0.099010 0.087461
0 0.247572 0.647738 0.245872 0.328385
0 0.210007 0.330907 0.420013 0.529704
0 0.734370 0.821006 0.189769 0.123763
0 0.668363 0.202192 0.338288 0.268975
0 0.779749 0.428265 0.244225 0.265677
0 0.692292 0.651864 0.184818 0.174919
0 0.863916 0.792127 0.260710 0.396038
0 0.177441 0.039652 0.336634 0.075905
0 0.630410 0.037176 0.179870 0.067660
0 0.945156 0.437342 0.103086 0.366338
