0 0.136185 0.181566 0.138613 0.108913
0 0.167539 0.150212 0.330033 0.283828
0 0.191466 0.349883 0.186468 0.194720
0 0.069355 0.688166 0.123763 0.155114
0 0.443942 0.488496 0.301979 0.323431
0 0.321831 0.260773 0.140264 0.158415
0 0.537176 0.640311 0.151813 0.158415
0 0.797077 0.789652 0.354785 0.288776
0 0.768200 0.475296 0.099010 0.099010
0 0.421665 0.075931 0.118812 0.151862
0 0.553678 0.231071 0.141914 0.108913
0 0.045426 0.863083 0.082507 0.099010
0 0.652689 0.054502 0.145215 0.095710
0 0.897738 0.107308 0.100658 0.089108
0 0.875459 0.622985 0.188118 0.249173
0 0.948455 0.422482 0.103089 0.339951
0 0.311104 0.762424 0.082507 0.085811
0 0.120509 0.498397 0.090758 0.066006
