0 0.946418 0.194767 0.102308 0.122113
0 0.056152 0.373809 0.110560 0.209570
0 0.938166 0.065228 0.118812 0.120462
0 0.383711 0.920015 0.125410 0.146865
0 0.745096 0.686515 0.504951 0.313532
0 0.168359 0.141961 0.315169 0.260726
0 0.237674 0.413413 0.278883 0.321781
0 0.495094 0.118859 0.272285 0.221123
0 0.454668 0.449718 0.382839 0.298682
0 0.735195 0.505824 0.102311 0.084160
0 0.549552 0.900213 0.189769 0.150166
0 0.714570 0.305329 0.259076 0.277227
0 0.932396 0.391960 0.130352 0.249154
0 0.117210 0.568530 0.212871 0.150166
0 0.021888 0.747573 0.043776 0.066006
0 0.390311 0.712925 0.260726 0.277217
0 0.058630 0.251699 0.099010 0.074258
0 0.816055 0.066053 0.191419 0.118812
0 0.175791 0.799552 0.287129 0.391090
