0 0.693896 0.131190 0.202969 0.140264
0 0.276405 0.632840 0.325081 0.288779
0 0.711224 0.742576 0.366335 0.363037
0 0.641917 0.499178 0.320130 0.232673
0 0.515685 0.395223 0.466982 0.193083
0 0.322611 0.849837 0.318483 0.254128
0 0.109736 0.567660 0.219473 0.369635
0 0.571784 0.291257 0.130365 0.166667
0 0.837461 0.919969 0.176569 0.123760
0 0.517329 0.121289 0.202972 0.229375
0 0.905117 0.770630 0.176569 0.201318
0 0.906769 0.554458 0.183167 0.198018
0 0.907593 0.366340 0.171618 0.174919
0 0.509904 0.110563 0.069307 0.095710
0 0.734326 0.240101 0.201322 0.127064
0 0.142743 0.191421 0.282178 0.366338
0 0.533831 0.683171 0.084160 0.135313
0 0.229375 0.311885 0.092409 0.092409
0 0.821785 0.221125 0.066006 0.112210
0 0.922445 0.209574 0.148516 0.128711
0 0.863864 0.048682 0.268978 0.097363
0 0.343237 0.186471 0.174919 0.181517
