0 0.278880 0.839110 0.349837 0.321781
0 0.620464 0.366340 0.257425 0.257425
0 0.753302 0.147694 0.480199 0.285479
0 0.626240 0.767329 0.100658 0.141917
0 0.084987 0.093236 0.169967 0.173268
0 0.969474 0.382842 0.054456 0.092409
0 0.764854 0.556108 0.130365 0.155114
0 0.617988 0.619639 0.117161 0.120462
0 0.250828 0.345713 0.501650 0.404290
0 0.041257 0.650991 0.079206 0.094059
0 0.520628 0.888617 0.166667 0.209570
0 0.980199 0.880365 0.039603 0.077559
0 0.810233 0.368815 0.174919 0.209570
0 0.910894 0.820959 0.112210 0.140264
0 0.793730 0.865514 0.095710 0.117161
0 0.521455 0.701323 0.079206 0.059404
0 0.572609 0.488452 0.118812 0.118812
0 0.359738 0.080036 0.300329 0.160065
0 0.393568 0.608089 0.318483 0.173268
