0 0.028055 0.351488 0.056104 0.234323
0 0.896867 0.344886 0.196370 0.132012
0 0.754129 0.383665 0.069307 0.117161
0 0.237625 0.731851 0.072607 0.090758
0 0.600662 0.752477 0.089111 0.178216
0 0.524756 0.073436 0.181517 0.143564
0 0.709574 0.168319 0.231022 0.198018
0 0.651818 0.310234 0.112210 0.151816
0 0.344880 0.884492 0.231009 0.211224
0 0.785487 0.604782 0.293740 0.255788
0 0.316834 0.110563 0.155114 0.141914
0 0.418327 0.221942 0.196354 0.272262
0 0.551982 0.248353 0.113861 0.153464
0 0.693898 0.785480 0.146865 0.118812
0 0.364689 0.047033 0.135316 0.090758
0 0.039604 0.556934 0.079209 0.107259
0 0.129541 0.959574 0.113861 0.070957
0 0.613864 0.907593 0.254128 0.171618
0 0.056107 0.945547 0.099010 0.095710
0 0.187295 0.828385 0.216172 0.174915
0 0.283830 0.567660 0.254124 0.280527
0 0.155117 0.275579 0.181517 0.178216
0 0.134491 0.082510 0.252477 0.151816
0 0.429045 0.778055 0.171618 0.209574
0 0.561885 0.487630 0.262376 0.318490
0 0.820135 0.892741 0.125413 0.181517
0 0.915845 0.810233 0.125413 0.108910
