0 0.551159 0.539606 0.191419 0.148516
0 0.439772 0.362215 0.074258 0.094059
0 0.846536 0.929870 0.132012 0.037956
0 0.985151 0.907593 0.026403 0.085811
0 0.853138 0.729375 0.135312 0.138613
0 0.611390 0.311883 0.166667 0.158415
0 0.903467 0.839111 0.120462 0.094063
0 0.144393 0.470299 0.153467 0.128711
0 0.043730 0.528880 0.087461 0.074258
0 0.283830 0.777225 0.557757 0.363044
0 0.229377 0.194722 0.448844 0.386136
0 0.326735 0.515679 0.257428 0.321781
0 0.769805 0.178221 0.450495 0.353135
0 0.777230 0.529705 0.283828 0.356436
0 0.596536 0.891090 0.117161 0.102311
0 0.908418 0.437297 0.110560 0.118812
0 0.924095 0.554458 0.148516 0.128714
0 0.940596 0.666670 0.118809 0.188118
0 0.683171 0.765679 0.171615 0.148512
