0 0.085812 0.583335 0.171618 0.275576
0 0.348187 0.905942 0.128711 0.188115
0 0.358089 0.520630 0.231022 0.206273
0 0.840762 0.358088 0.311882 0.217822
0 0.812713 0.832505 0.156755 0.140251
0 0.930688 0.920789 0.128727 0.141904
0 0.898514 0.158420 0.196377 0.306930
0 0.759079 0.115514 0.174915 0.138613
0 0.213698 0.544557 0.077559 0.062708
0 0.495877 0.252477 0.196370 0.181517
0 0.287132 0.713698 0.181517 0.160065
0 0.235977 0.233501 0.462044 0.466995
0 0.679040 0.572614 0.618822 0.547852
0 0.584985 0.132015 0.186468 0.188118
