0 0.644396 0.729382 0.179867 0.158418
0 0.298687 0.321790 0.168317 0.155117
0 0.370470 0.193901 0.150166 0.150166
0 0.237630 0.126242 0.333333 0.252484
0 0.174922 0.375420 0.349844 0.268978
0 0.340767 0.109743 0.268975 0.219473
0 0.730202 0.132020 0.539596 0.257425
0 0.575915 0.613044 0.155117 0.130365
0 0.704627 0.386146 0.343232 0.303633
0 0.483506 0.823441 0.273926 0.343236
0 0.630371 0.893573 0.138613 0.146865
0 0.834162 0.820964 0.328376 0.354785
0 0.922446 0.488457 0.155107 0.237624
0 0.734331 0.551162 0.168317 0.145215
