0 0.100659 0.728556 0.194710 0.526416
0 0.344061 0.870465 0.282178 0.255775
0 0.561878 0.143566 0.179876 0.115511
0 0.261553 0.034655 0.110560 0.046204
0 0.145216 0.060233 0.108910 0.094059
0 0.069310 0.325085 0.138613 0.231022
0 0.571779 0.519797 0.724411 0.260732
0 0.851491 0.869635 0.280521 0.237617
0 0.674095 0.717826 0.186471 0.138613
0 0.740928 0.321785 0.089108 0.128714
0 0.391090 0.240926 0.046204 0.059404
0 0.042907 0.145216 0.066009 0.062705
0 0.733499 0.062708 0.117161 0.082507
0 0.943066 0.135322 0.113867 0.165033
0 0.961224 0.453797 0.061055 0.079209
0 0.966172 0.701323 0.057754 0.118812
0 0.516504 0.823434 0.151816 0.237624
0 0.762380 0.220299 0.042904 0.054453
0 0.270628 0.272279 0.184818 0.151816
0 0.461224 0.320135 0.087461 0.082510
0 0.317660 0.087461 0.074258 0.033001
0 0.528055 0.222775 0.062705 0.029704
0 0.867165 0.701323 0.173268 0.174919
