0 0.695547 0.751652 0.199668 0.338285
0 0.511553 0.547033 0.181517 0.094059
0 0.088286 0.816009 0.110563 0.077559
0 0.248353 0.350662 0.153464 0.146865
0 0.549507 0.870464 0.118812 0.107262
0 0.863864 0.345711 0.080859 0.140264
0 0.769805 0.104788 0.064355 0.067656
0 0.965348 0.135316 0.052806 0.099010
0 0.933996 0.570959 0.075908 0.108910
0 0.038779 0.580859 0.077559 0.141914
0 0.056932 0.422445 0.113864 0.075905
0 0.614689 0.124590 0.130361 0.117161
0 0.361388 0.547031 0.105609 0.080859
0 0.513203 0.037132 0.099010 0.067656
0 0.420796 0.106439 0.069307 0.080859
0 0.384491 0.424920 0.102308 0.127061
0 0.228550 0.965348 0.206273 0.069303
0 0.049507 0.966999 0.099014 0.059408
0 0.203797 0.545382 0.226071 0.193070
0 0.044561 0.316012 0.085814 0.090768
0 0.050332 0.049507 0.084160 0.099014
0 0.258254 0.091587 0.229372 0.173265
