0 0.844888 0.867155 0.306930 0.265690
0 0.504953 0.712049 0.369639 0.344886
0 0.221125 0.710399 0.138617 0.110563
0 0.824259 0.338286 0.239274 0.231025
0 0.595713 0.316834 0.141914 0.148512
0 0.220298 0.361388 0.097360 0.132015
0 0.249176 0.919144 0.495052 0.161712
0 0.515679 0.071784 0.173265 0.143568
0 0.580036 0.393566 0.117161 0.143564
0 0.507428 0.220299 0.130365 0.183171
0 0.811886 0.098190 0.122093 0.100664
0 0.928219 0.070135 0.077559 0.136963
0 0.702148 0.030531 0.219473 0.061055
0 0.118815 0.059408 0.227721 0.118815
