0 0.880405 0.911763 0.237633 0.163369
0 0.157638 0.712093 0.194717 0.153464
0 0.844932 0.347407 0.150163 0.120459
0 0.035915 0.740146 0.071829 0.077559
0 0.299552 0.515723 0.227725 0.308581
0 0.944767 0.519025 0.108910 0.196370
0 0.416714 0.697243 0.178219 0.163366
0 0.383711 0.929090 0.240924 0.128714
0 0.762424 0.504998 0.285479 0.300329
0 0.508299 0.066055 0.140264 0.132012
0 0.712095 0.457144 0.118812 0.151813
0 0.118859 0.486021 0.153467 0.130361
0 0.499222 0.536351 0.224421 0.273926
0 0.324305 0.116385 0.270628 0.232673
0 0.785527 0.071829 0.123763 0.136966
