0 0.177394 0.824269 0.311885 0.315199
0 0.532179 0.761554 0.285479 0.321781
0 0.069316 0.745057 0.135326 0.169977
0 0.160070 0.340771 0.254124 0.216178
0 0.088288 0.444722 0.166667 0.127061
0 0.437305 0.363869 0.320117 0.599020
0 0.850662 0.375407 0.282178 0.377897
0 0.818485 0.607264 0.122113 0.112210
0 0.948848 0.749176 0.102305 0.135312
0 0.840758 0.906774 0.295371 0.163353
0 0.284663 0.962051 0.252464 0.072604
0 0.242576 0.905119 0.184821 0.103962
0 0.107264 0.625415 0.112210 0.115511
0 0.877065 0.099012 0.232673 0.165016
0 0.686471 0.365514 0.521452 0.351484
0 0.228551 0.130365 0.450495 0.240924
