0 0.845757 0.052026 0.293727 0.100661
0 0.913413 0.485195 0.165016 0.145215
0 0.901867 0.810278 0.188128 0.207920
0 0.197241 0.395262 0.168317 0.169964
0 0.127111 0.167539 0.245876 0.325085
0 0.188166 0.826781 0.367985 0.330033
0 0.114733 0.524800 0.138613 0.132015
0 0.316055 0.553678 0.145215 0.183171
0 0.122980 0.663413 0.184827 0.224424
0 0.668364 0.896087 0.127061 0.191419
0 0.513249 0.913413 0.199668 0.143564
0 0.528109 0.505824 0.341569 0.506602
0 0.551204 0.144437 0.176563 0.265677
0 0.738498 0.490146 0.165016 0.320130
0 0.802852 0.221169 0.376237 0.277227
0 0.343281 0.127109 0.222773 0.234323
