0 0.349012 0.084160 0.179867 0.151816
0 0.797858 0.214523 0.206270 0.267327
0 0.083337 0.469474 0.123763 0.146865
0 0.382840 0.394391 0.458747 0.442246
0 0.570960 0.721950 0.231022 0.245872
0 0.851483 0.609746 0.290439 0.463711
0 0.444722 0.141092 0.087458 0.097360
0 0.097362 0.387791 0.118812 0.099007
0 0.607264 0.035482 0.082510 0.067656
0 0.324259 0.927394 0.202972 0.122113
0 0.317658 0.659243 0.239274 0.209574
0 0.803633 0.948022 0.382839 0.097360
0 0.938122 0.042080 0.113861 0.084160
0 0.118813 0.864689 0.224424 0.231025
0 0.113039 0.224425 0.196370 0.161715
0 0.153468 0.066833 0.224424 0.117161
0 0.952147 0.255778 0.069307 0.125410
0 0.054456 0.646867 0.099010 0.184821
0 0.778879 0.070130 0.138617 0.136953
