0 0.376284 0.284702 0.041253 0.041253
0 0.180737 0.831729 0.356429 0.326738
0 0.348232 0.492622 0.308581 0.321781
0 0.209618 0.311104 0.186468 0.235977
0 0.606483 0.073480 0.204619 0.140267
0 0.693942 0.241797 0.201322 0.265677
0 0.866781 0.751698 0.266439 0.490101
0 0.026450 0.375461 0.047855 0.566006
0 0.058628 0.330905 0.105609 0.226074
0 0.147738 0.535526 0.254128 0.252477
0 0.841631 0.085856 0.305280 0.165020
0 0.889486 0.360609 0.212871 0.348184
0 0.559453 0.603190 0.377891 0.542904
0 0.454668 0.902664 0.270625 0.194671
0 0.466219 0.062754 0.105609 0.112214
0 0.943070 0.518153 0.113861 0.214521
0 0.162590 0.156813 0.066006 0.059408
0 0.327606 0.059453 0.171618 0.105612
0 0.461266 0.154338 0.118809 0.110563
