0 0.129541 0.337463 0.245872 0.235973
0 0.094888 0.160068 0.179867 0.155117
0 0.119640 0.047858 0.235973 0.092409
0 0.523104 0.096536 0.455446 0.183164
0 0.886133 0.219468 0.214538 0.438929
0 0.133665 0.854788 0.237624 0.237624
0 0.519824 0.521452 0.534635 0.643555
0 0.134492 0.630366 0.259076 0.726071
0 0.938945 0.505778 0.092409 0.110560
0 0.818485 0.896042 0.343232 0.207917
0 0.218649 0.751654 0.120462 0.120462
0 0.876240 0.772280 0.237624 0.438942
0 0.414194 0.910894 0.108910 0.158415
0 0.173270 0.049507 0.056104 0.072607
