0 0.241756 0.058587 0.196370 0.117161
0 0.669974 0.440602 0.247526 0.287129
0 0.814364 0.772284 0.364684 0.448844
0 0.727731 0.811888 0.145215 0.181517
0 0.830039 0.320138 0.191419 0.165016
0 0.498358 0.032183 0.184821 0.064365
0 0.599019 0.187300 0.260726 0.235973
0 0.385321 0.791261 0.463695 0.397692
0 0.342415 0.811063 0.262376 0.199671
0 0.051984 0.583340 0.103968 0.163366
0 0.919149 0.146872 0.158415 0.283828
0 0.750008 0.142747 0.143564 0.212871
0 0.911724 0.496707 0.169964 0.181520
0 0.175750 0.283008 0.344886 0.566016
0 0.461229 0.263208 0.325081 0.328382
0 0.616344 0.149344 0.410892 0.298688
0 0.431525 0.513210 0.371286 0.323431
