0 0.577560 0.375415 0.125413 0.235973
0 0.703799 0.651818 0.212871 0.198018
0 0.891090 0.712046 0.201322 0.252471
0 0.695550 0.871283 0.173262 0.178203
0 0.107264 0.622939 0.122113 0.173268
0 0.856439 0.153468 0.273926 0.257425
0 0.838298 0.458750 0.211230 0.237617
0 0.438118 0.635322 0.176562 0.201309
0 0.141094 0.811055 0.226068 0.183164
0 0.127891 0.408424 0.252474 0.252487
0 0.039606 0.548683 0.075905 0.136963
0 0.376237 0.434814 0.306901 0.265658
0 0.376240 0.167489 0.257428 0.295394
0 0.610570 0.115511 0.181530 0.221126
0 0.856445 0.215348 0.184831 0.206270
