0 0.386141 0.228550 0.320133 0.457100
0 0.495052 0.274756 0.392741 0.219473
0 0.095713 0.212048 0.184818 0.410892
0 0.655944 0.079211 0.160065 0.151813
0 0.873765 0.099014 0.229372 0.191419
0 0.165020 0.780531 0.320130 0.392741
0 0.699671 0.827560 0.138613 0.150166
0 0.448022 0.722775 0.420791 0.396038
0 0.639440 0.557759 0.453796 0.442243
0 0.195547 0.475249 0.212871 0.211221
0 0.037131 0.533831 0.074261 0.107259
0 0.882015 0.909243 0.222773 0.138617
0 0.876240 0.670794 0.161719 0.179870
0 0.916670 0.556932 0.156764 0.235973
0 0.830036 0.375415 0.125410 0.169964
0 0.842412 0.268978 0.305280 0.287129
