0 0.805327 0.082555 0.196370 0.158418
0 0.608958 0.550378 0.140267 0.140267
0 0.294603 0.730244 0.105612 0.117161
0 0.608958 0.257474 0.176569 0.145215
0 0.595757 0.372160 0.202972 0.196370
0 0.422490 0.447241 0.150163 0.122113
0 0.275625 0.164238 0.533001 0.315182
0 0.108958 0.273151 0.153464 0.169967
0 0.083770 0.410114 0.167539 0.123763
0 0.125459 0.689816 0.166667 0.118812
0 0.319354 0.527275 0.178219 0.123763
0 0.223646 0.413415 0.099010 0.080859
0 0.698893 0.868861 0.198021 0.120462
0 0.794601 0.731071 0.214521 0.171615
0 0.896912 0.605658 0.165016 0.148516
0 0.502523 0.897736 0.082507 0.072607
