0 0.304460 0.575093 0.113867 0.156781
0 0.345713 0.740926 0.259076 0.250824
0 0.500003 0.437295 0.293730 0.237624
0 0.508260 0.121289 0.343245 0.239258
0 0.642744 0.776411 0.146868 0.259092
0 0.794556 0.920794 0.239274 0.125410
0 0.834160 0.613856 0.117161 0.165003
0 0.911725 0.716174 0.087448 0.122113
0 0.882015 0.787132 0.222773 0.141914
0 0.958747 0.612214 0.082507 0.095710
0 0.627891 0.599837 0.268978 0.179870
0 0.095713 0.366340 0.188118 0.155114
0 0.826724 0.399346 0.326755 0.290423
0 0.151818 0.500002 0.181520 0.178219
0 0.923268 0.220299 0.153464 0.298678
0 0.257428 0.135316 0.234323 0.237624
0 0.573434 0.273929 0.057754 0.052806
0 0.745877 0.107264 0.052803 0.069307
