0 0.349839 0.068483 0.165016 0.133665
0 0.722775 0.152643 0.132015 0.179870
0 0.540433 0.545382 0.212871 0.249176
0 0.162544 0.693898 0.206273 0.186468
0 0.325085 0.863867 0.412539 0.272266
0 0.285482 0.681520 0.151816 0.155117
0 0.557757 0.756603 0.184818 0.146865
0 0.900991 0.532181 0.198018 0.268978
0 0.144391 0.024756 0.057754 0.042904
0 0.708747 0.443071 0.582507 0.433994
0 0.594886 0.896042 0.202969 0.198021
0 0.058582 0.921619 0.117165 0.140264
0 0.871289 0.919969 0.155117 0.156768
0 0.778057 0.743402 0.074258 0.097357
0 0.528055 0.687297 0.270628 0.232673
0 0.354788 0.443071 0.181517 0.179867
0 0.110563 0.195547 0.135313 0.153464
0 0.910067 0.246702 0.179867 0.301979
0 0.716175 0.894386 0.135312 0.122100
