0 0.561060 0.183171 0.161715 0.184818
0 0.349837 0.199673 0.085807 0.062705
0 0.216174 0.054458 0.132015 0.085811
0 0.062710 0.938122 0.115511 0.107259
0 0.316834 0.950498 0.148512 0.092409
0 0.191423 0.929870 0.145215 0.120462
0 0.403467 0.710397 0.311882 0.265677
0 0.636966 0.760728 0.099010 0.122113
0 0.614684 0.514028 0.457090 0.318480
0 0.778057 0.256603 0.424095 0.473597
0 0.427396 0.087461 0.151816 0.158418
0 0.200501 0.483501 0.328392 0.310231
0 0.504128 0.256603 0.090762 0.133662
0 0.255778 0.178221 0.066009 0.062705
0 0.132015 0.193896 0.062708 0.064355
0 0.046208 0.766504 0.085807 0.179870
