0 0.845711 0.309408 0.282178 0.163366
0 0.608088 0.091587 0.107262 0.136963
0 0.262378 0.797856 0.168317 0.090758
0 0.374590 0.380368 0.326732 0.265684
0 0.702148 0.127891 0.070957 0.064355
0 0.076737 0.770628 0.143564 0.145215
0 0.880366 0.030531 0.097360 0.061055
0 0.969473 0.118813 0.061055 0.165016
0 0.650168 0.849012 0.158415 0.146865
0 0.608913 0.269803 0.178216 0.146865
0 0.769805 0.043732 0.067656 0.080856
0 0.412544 0.896867 0.204619 0.150166
0 0.162544 0.100662 0.272275 0.188122
0 0.508254 0.169971 0.082510 0.092409
0 0.532181 0.438947 0.084160 0.122113
0 0.765680 0.615514 0.287129 0.432344
0 0.150993 0.923270 0.219473 0.136963
0 0.178219 0.674095 0.184818 0.103958
0 0.934821 0.800332 0.127064 0.178216
0 0.332510 0.033005 0.127064 0.066009
0 0.564359 0.699671 0.151816 0.194720
0 0.098193 0.358913 0.196387 0.417493
