0 0.775579 0.349012 0.178216 0.156768
0 0.519805 0.924919 0.092409 0.070957
0 0.670794 0.940597 0.156764 0.108910
0 0.665020 0.197197 0.280527 0.249173
0 0.032181 0.054458 0.064355 0.102308
0 0.499176 0.575086 0.354785 0.235973
0 0.219474 0.229375 0.409242 0.227721
0 0.348188 0.406768 0.171618 0.127064
0 0.113862 0.536307 0.227725 0.874587
0 0.459572 0.250002 0.143564 0.196370
0 0.655119 0.430695 0.168317 0.132015
0 0.890265 0.685646 0.219469 0.608910
0 0.750827 0.682345 0.237624 0.325081
0 0.105614 0.056108 0.105609 0.112210
0 0.250002 0.089937 0.235973 0.179867
0 0.544557 0.752479 0.158418 0.171618
0 0.366340 0.883665 0.250824 0.222773
0 0.518978 0.385316 0.262376 0.275579
0 0.931519 0.198022 0.136963 0.316833
