0 0.711224 0.122114 0.158418 0.198018
0 0.897692 0.118813 0.201322 0.221123
0 0.779705 0.343237 0.100661 0.178219
0 0.641090 0.480200 0.123763 0.102308
0 0.825910 0.896042 0.113864 0.138613
0 0.945557 0.723599 0.102311 0.186468
0 0.453799 0.453799 0.145215 0.148516
0 0.423268 0.136141 0.166667 0.133662
0 0.162544 0.071784 0.206273 0.123763
0 0.557759 0.075085 0.168317 0.133665
0 0.656768 0.775581 0.089108 0.069307
0 0.345713 0.578385 0.127064 0.110560
0 0.031354 0.615513 0.062708 0.115511
0 0.099837 0.491751 0.100658 0.095710
0 0.074259 0.318483 0.145218 0.145215
0 0.138615 0.938944 0.217822 0.115518
0 0.616340 0.286307 0.235973 0.292080
0 0.299486 0.186473 0.130391 0.161722
0 0.199671 0.528055 0.099010 0.072607
0 0.232676 0.868813 0.112214 0.087458
0 0.290431 0.789606 0.072607 0.064355
0 0.195549 0.420794 0.094059 0.075905
0 0.067658 0.837461 0.132015 0.160065
0 0.515687 0.549507 0.232689 0.122113
0 0.549508 0.700496 0.148516 0.189769
0 0.424095 0.896867 0.145215 0.113864
0 0.301982 0.956273 0.145215 0.080859
0 0.282181 0.462048 0.105612 0.095710
0 0.053633 0.163369 0.087461 0.112214
0 0.176571 0.201323 0.158415 0.122113
0 0.927394 0.348187 0.145212 0.297031
0 0.228551 0.323436 0.117161 0.118812
0 0.952972 0.941421 0.084160 0.087458
0 0.896867 0.825910 0.061058 0.077555
0 0.376240 0.348187 0.207923 0.135313
0 0.763205 0.735977 0.087458 0.151816
0 0.862214 0.654294 0.103958 0.120462
0 0.216175 0.661719 0.145215 0.102311
