0 0.938166 0.090807 0.115511 0.102311
0 0.238496 0.508298 0.145215 0.138613
0 0.038390 0.770675 0.076781 0.066006
0 0.773975 0.176623 0.282181 0.214508
0 0.731071 0.369684 0.103958 0.105612
0 0.905552 0.285526 0.188896 0.247523
0 0.798729 0.535526 0.097360 0.090758
0 0.923315 0.528926 0.075908 0.133665
0 0.961268 0.721994 0.072607 0.094059
0 0.792126 0.071004 0.070957 0.075908
0 0.380410 0.209619 0.095710 0.082507
0 0.872985 0.778926 0.183171 0.102311
0 0.842458 0.655163 0.184818 0.171615
0 0.502523 0.207969 0.115514 0.095710
0 0.545435 0.082557 0.247510 0.161715
0 0.372160 0.083381 0.155114 0.103962
0 0.536354 0.359782 0.219479 0.231022
0 0.262424 0.749222 0.100661 0.132012
0 0.297896 0.924139 0.194704 0.115511
0 0.620509 0.944767 0.107262 0.077555
0 0.840807 0.907638 0.293730 0.148512
0 0.335856 0.335031 0.204622 0.181520
0 0.133711 0.282225 0.143561 0.125413
0 0.364733 0.508299 0.173268 0.168317
0 0.245923 0.593281 0.232673 0.160065
0 0.197241 0.792951 0.118812 0.094059
0 0.108958 0.703843 0.113861 0.097360
0 0.286351 0.156813 0.108913 0.095710
0 0.196418 0.085033 0.186468 0.166667
0 0.168364 0.401037 0.087458 0.108910
0 0.085031 0.942292 0.125413 0.079206
0 0.122985 0.855658 0.158418 0.117161
0 0.069354 0.575954 0.130361 0.099010
0 0.060278 0.374634 0.112210 0.118812
0 0.063579 0.116383 0.125413 0.226074
0 0.585024 0.669193 0.330016 0.282187
