0 0.825091 0.937288 0.333346 0.115527
0 0.655944 0.766506 0.166667 0.189769
0 0.508252 0.938114 0.191419 0.117178
0 0.808584 0.507427 0.135312 0.189769
0 0.916667 0.610563 0.156771 0.240924
0 0.681523 0.810229 0.059414 0.065999
0 0.816834 0.737625 0.059404 0.079209
0 0.098187 0.688947 0.186471 0.288779
0 0.306107 0.609740 0.169967 0.219473
0 0.905942 0.850662 0.108910 0.136963
0 0.430695 0.330859 0.204619 0.209570
0 0.198022 0.885316 0.194717 0.196367
0 0.046208 0.867165 0.079206 0.067656
0 0.180697 0.275581 0.361387 0.399339
0 0.728550 0.202974 0.513200 0.399339
0 0.560233 0.601488 0.328382 0.318483
0 0.337461 0.907593 0.123763 0.178219
0 0.414193 0.099012 0.141914 0.198018
