0 0.174966 0.393612 0.146865 0.130361
0 0.529751 0.038826 0.127061 0.074255
0 0.169189 0.055327 0.115514 0.100661
0 0.925789 0.288001 0.136963 0.272279
0 0.632061 0.950542 0.090762 0.066006
0 0.260775 0.075955 0.077559 0.085811
0 0.214570 0.524800 0.077559 0.085811
0 0.525625 0.509948 0.300332 0.320130
0 0.699717 0.709618 0.173268 0.221123
0 0.736847 0.222821 0.171618 0.155114
0 0.711268 0.471994 0.133662 0.122113
0 0.137839 0.184041 0.273919 0.341585
0 0.472819 0.243439 0.376237 0.239287
0 0.829255 0.544601 0.138613 0.178219
0 0.841631 0.811104 0.173268 0.199668
0 0.329255 0.468693 0.138613 0.118812
0 0.743447 0.085008 0.138613 0.170016
0 0.330905 0.772324 0.151816 0.145215
0 0.170840 0.662590 0.181517 0.100661
