0 0.363084 0.886162 0.239274 0.227676
0 0.621335 0.658464 0.141914 0.155117
0 0.068530 0.743446 0.128714 0.232673
0 0.776014 0.087505 0.444671 0.168317
0 0.517373 0.367209 0.485150 0.384489
0 0.167539 0.259100 0.326732 0.518200
0 0.822653 0.460444 0.191419 0.323434
0 0.802853 0.656813 0.112210 0.138613
0 0.215394 0.844932 0.151816 0.125410
0 0.198892 0.653512 0.178219 0.125410
0 0.441468 0.759123 0.240924 0.171618
0 0.567703 0.945568 0.127061 0.095661
0 0.265724 0.746748 0.130361 0.123763
0 0.924964 0.206318 0.148516 0.198021
0 0.707144 0.721170 0.089111 0.085811
0 0.868859 0.830907 0.082510 0.047855
0 0.935690 0.673315 0.127064 0.257425
0 0.412588 0.142786 0.110560 0.127064
0 0.688166 0.819354 0.150166 0.130361
