0 0.115519 0.415024 0.181520 0.130361
0 0.111393 0.849844 0.212871 0.290430
0 0.627070 0.801164 0.518151 0.384489
0 0.606442 0.482681 0.361387 0.321781
0 0.398524 0.917495 0.239274 0.165010
0 0.454627 0.655124 0.249176 0.194720
0 0.946377 0.333341 0.103958 0.132015
0 0.571789 0.081689 0.183167 0.163366
0 0.833340 0.169974 0.135313 0.184818
0 0.325091 0.547038 0.198021 0.133665
0 0.949674 0.037961 0.100651 0.075908
0 0.215355 0.363869 0.113861 0.084157
0 0.128721 0.250007 0.174915 0.206270
0 0.575090 0.275586 0.176566 0.181517
