0 0.919580 0.154346 0.160840 0.298665
0 0.555327 0.930741 0.158415 0.125413
0 0.668364 0.094909 0.232673 0.189818
0 0.641136 0.771499 0.108913 0.143564
0 0.905988 0.915889 0.179867 0.151816
0 0.141136 0.943918 0.234323 0.112165
0 0.078431 0.468695 0.148516 0.435645
0 0.233545 0.137012 0.432344 0.254128
0 0.523149 0.188993 0.084157 0.100661
0 0.459622 0.817699 0.260716 0.311895
0 0.097796 0.810278 0.195592 0.204619
0 0.544606 0.465394 0.882832 0.429043
0 0.880410 0.049552 0.125410 0.082510
0 0.936515 0.798729 0.108910 0.118812
0 0.418364 0.075130 0.247523 0.150163
