0 0.182345 0.405117 0.130361 0.123763
0 0.168324 0.895221 0.333327 0.206263
0 0.068486 0.583340 0.133665 0.163359
0 0.559398 0.709575 0.148503 0.145192
0 0.837461 0.191421 0.146862 0.168317
0 0.274756 0.630365 0.216172 0.201322
0 0.342412 0.504128 0.133665 0.110560
0 0.610563 0.892746 0.204590 0.115505
0 0.405111 0.926563 0.113867 0.143555
0 0.523110 0.433172 0.267314 0.219469
0 0.290428 0.105614 0.313538 0.118812
0 0.568486 0.075088 0.199668 0.136960
0 0.752479 0.341593 0.161715 0.333317
0 0.932340 0.597370 0.125423 0.155130
0 0.890260 0.891090 0.202982 0.201322
0 0.800324 0.712043 0.132028 0.110550
0 0.709577 0.557759 0.165026 0.125413
0 0.923270 0.413369 0.130361 0.173268
0 0.445550 0.262383 0.207917 0.194714
0 0.419969 0.636966 0.341585 0.165020
0 0.800332 0.075910 0.178216 0.151813
0 0.183996 0.254128 0.321781 0.379538
