0 0.057757 0.534657 0.115514 0.155114
0 0.267329 0.665018 0.072607 0.079209
0 0.117165 0.256603 0.158418 0.245876
0 0.915018 0.514030 0.133662 0.160065
0 0.404728 0.396118 0.410876 0.255231
0 0.761554 0.178221 0.103962 0.118812
0 0.895216 0.152650 0.209567 0.216185
0 0.948022 0.297033 0.094059 0.108910
0 0.147692 0.727726 0.113861 0.115511
0 0.163369 0.593236 0.138613 0.127064
0 0.643566 0.248351 0.171618 0.186468
0 0.431520 0.042082 0.110560 0.084157
0 0.178219 0.104787 0.231022 0.209574
0 0.452147 0.219474 0.108910 0.075908
0 0.606439 0.092412 0.110560 0.095710
0 0.655944 0.441421 0.110560 0.094059
0 0.598187 0.631191 0.226074 0.166667
0 0.691423 0.566834 0.151816 0.107262
0 0.799508 0.470299 0.123763 0.178216
0 0.759904 0.039606 0.298682 0.075905
0 0.214523 0.459574 0.122113 0.146862
0 0.370464 0.434821 0.193070 0.173268
0 0.068485 0.773931 0.100661 0.168317
0 0.381191 0.750002 0.151816 0.193070
0 0.820959 0.301157 0.150166 0.084157
0 0.367165 0.617988 0.067656 0.064355
