0 0.380365 0.058584 0.169967 0.117161
0 0.481851 0.188120 0.138617 0.165016
0 0.037131 0.129539 0.074261 0.097360
0 0.113862 0.296206 0.227725 0.278877
0 0.144393 0.593237 0.288779 0.222770
0 0.126302 0.865885 0.214844 0.172526
0 0.108913 0.725251 0.135312 0.166667
0 0.639440 0.260728 0.123763 0.165016
0 0.934819 0.575085 0.130361 0.156764
0 0.830036 0.144393 0.240924 0.193070
0 0.921619 0.312710 0.146865 0.150160
0 0.661719 0.469474 0.211224 0.212874
0 0.579211 0.047858 0.198018 0.095710
0 0.396043 0.697197 0.214521 0.183171
0 0.386141 0.944722 0.211221 0.103962
0 0.305283 0.758254 0.204622 0.156768
0 0.915018 0.081686 0.169964 0.163366
0 0.671619 0.709574 0.290426 0.283828
0 0.353138 0.341587 0.234323 0.260726
0 0.566009 0.877889 0.290430 0.211221
0 0.189772 0.055283 0.184818 0.103958
0 0.435646 0.537957 0.267327 0.217822
