0 0.778057 0.080036 0.222767 0.136966
0 0.330036 0.079209 0.293730 0.148516
0 0.221125 0.374590 0.145212 0.115514
0 0.566834 0.070133 0.130361 0.113861
0 0.124591 0.509079 0.189769 0.173268
0 0.798683 0.750002 0.069307 0.094059
0 0.376240 0.961224 0.145215 0.067656
0 0.921619 0.043732 0.100661 0.087458
0 0.698029 0.537122 0.372952 0.272292
0 0.373765 0.477725 0.282178 0.371289
0 0.204622 0.843237 0.085807 0.072607
0 0.705448 0.212049 0.143564 0.103962
0 0.791257 0.347362 0.173268 0.239274
0 0.105612 0.097363 0.211224 0.188118
