0 0.245052 0.683171 0.117161 0.089108
0 0.602311 0.270630 0.188118 0.316833
0 0.313534 0.132015 0.118812 0.099010
0 0.437297 0.218649 0.138617 0.202969
0 0.817660 0.748353 0.136966 0.160065
0 0.910068 0.067660 0.173268 0.132012
0 0.367165 0.040431 0.169967 0.080856
0 0.040431 0.615514 0.074255 0.346536
0 0.931525 0.670791 0.087471 0.097350
0 0.608089 0.425745 0.113861 0.151816
0 0.637790 0.120464 0.120462 0.221123
0 0.153468 0.090760 0.224424 0.181520
0 0.135316 0.826735 0.257428 0.310228
0 0.386966 0.927399 0.417493 0.108900
0 0.513203 0.521453 0.108913 0.115511
0 0.890273 0.295382 0.216159 0.306930
0 0.428221 0.850662 0.084157 0.074255
0 0.348188 0.496702 0.112210 0.151816
