0 0.178226 0.080866 0.105625 0.115521
0 0.282181 0.462874 0.158418 0.153464
0 0.463700 0.657586 0.178219 0.189782
0 0.226074 0.745052 0.191419 0.173268
0 0.066833 0.852313 0.133665 0.133662
0 0.087461 0.948846 0.158418 0.102308
0 0.504951 0.368812 0.254108 0.265684
0 0.058584 0.358088 0.113861 0.168317
0 0.852311 0.160062 0.285482 0.300319
0 0.636960 0.712866 0.260716 0.419157
0 0.447199 0.099837 0.168317 0.163366
0 0.065184 0.214525 0.130361 0.105612
0 0.730200 0.074259 0.219469 0.132015
0 0.580859 0.135316 0.141914 0.178216
0 0.089937 0.666668 0.173265 0.211221
0 0.839111 0.480200 0.259076 0.293727
0 0.655939 0.335811 0.127054 0.173268
0 0.374590 0.892743 0.425742 0.207920
