0 0.873765 0.042082 0.150166 0.080856
0 0.034655 0.507428 0.069310 0.146862
0 0.472773 0.754128 0.169967 0.227721
0 0.662544 0.797031 0.173265 0.201322
0 0.501652 0.160068 0.221123 0.207923
0 0.115514 0.075910 0.227721 0.138617
0 0.611388 0.564359 0.252477 0.181517
0 0.915023 0.502471 0.169954 0.292064
0 0.750003 0.150993 0.351484 0.292077
0 0.207098 0.935646 0.364684 0.125413
0 0.731025 0.933996 0.198021 0.112210
0 0.929870 0.884491 0.130365 0.224424
0 0.066833 0.226899 0.133665 0.153467
0 0.148517 0.764028 0.293727 0.297028
0 0.235975 0.301160 0.353135 0.589105
0 0.667493 0.393566 0.582507 0.364684
0 0.320960 0.731851 0.130365 0.107262
0 0.858084 0.698029 0.260719 0.207907
