0 0.052417 0.812754 0.104834 0.100658
0 0.879585 0.278101 0.222770 0.206273
0 0.787176 0.137012 0.235973 0.240924
0 0.486846 0.461268 0.275579 0.529704
0 0.349881 0.085856 0.146865 0.115514
0 0.158027 0.108133 0.316055 0.202972
0 0.192292 0.407638 0.221120 0.293727
0 0.131235 0.885360 0.108910 0.094059
0 0.052417 0.572655 0.104834 0.214521
0 0.690641 0.861432 0.138613 0.191419
0 0.865558 0.778101 0.112210 0.130361
0 0.727770 0.488498 0.103958 0.115511
0 0.257472 0.953843 0.087458 0.072607
0 0.475296 0.882886 0.209570 0.188122
0 0.240146 0.561929 0.145215 0.117165
0 0.221170 0.722821 0.202972 0.158415
0 0.500872 0.130412 0.108913 0.118812
0 0.947241 0.085033 0.097360 0.120462
0 0.851533 0.498398 0.064355 0.092409
