0 0.721950 0.477726 0.318483 0.186468
0 0.160894 0.197197 0.311878 0.272279
0 0.192246 0.804450 0.371289 0.354798
0 0.268158 0.471945 0.433997 0.290439
0 0.504128 0.671619 0.282181 0.330036
0 0.734326 0.146042 0.521452 0.268978
0 0.812713 0.647692 0.292087 0.216172
0 0.847362 0.877889 0.288779 0.211221
0 0.938122 0.436471 0.113861 0.229375
0 0.412544 0.220299 0.138617 0.216172
0 0.292907 0.535482 0.173268 0.206270
0 0.152642 0.625415 0.097360 0.115511
0 0.455448 0.385316 0.297028 0.229375
0 0.695547 0.334162 0.315182 0.097360
0 0.554458 0.920794 0.310231 0.151816
