0 0.666670 0.108089 0.102311 0.110560
0 0.528880 0.585811 0.136966 0.145215
0 0.718649 0.896042 0.169967 0.125410
0 0.697197 0.399342 0.080859 0.085807
0 0.889440 0.767329 0.214518 0.293727
0 0.416668 0.094886 0.321781 0.169967
0 0.826735 0.451323 0.333333 0.420791
0 0.132840 0.084985 0.183167 0.094059
0 0.169969 0.285480 0.221123 0.201318
0 0.924920 0.093237 0.146865 0.176566
0 0.476901 0.351488 0.376237 0.320130
0 0.330036 0.567660 0.300332 0.227721
0 0.782181 0.132017 0.174915 0.257425
0 0.523929 0.812708 0.255775 0.295378
