0 0.540653 0.757987 0.182666 0.142666
0 0.496652 0.893320 0.172002 0.160000
0 0.364652 0.805319 0.198665 0.178665
0 0.167987 0.909320 0.175999 0.138665
0 0.197985 0.821320 0.166667 0.175999
0 0.283986 0.695986 0.135999 0.120000
0 0.056660 0.883986 0.113320 0.178669
0 0.836652 0.197985 0.150667 0.140000
0 0.866652 0.620653 0.258669 0.182666
0 0.225319 0.333986 0.162669 0.115999
0 0.129987 0.656652 0.206667 0.201331
0 0.681986 0.240653 0.126667 0.145335
0 0.936654 0.321986 0.126667 0.161335
0 0.912653 0.491986 0.171999 0.173333
0 0.942651 0.814653 0.109333 0.184001
0 0.741318 0.711986 0.186667 0.157331
0 0.768652 0.361986 0.158665 0.145332
0 0.030659 0.551320 0.061318 0.177334
0 0.963319 0.175319 0.070667 0.102669
0 0.658652 0.557985 0.111999 0.140000
0 0.632653 0.436654 0.145332 0.153333
0 0.537985 0.431320 0.105332 0.110667
0 0.508652 0.662653 0.131999 0.120000
0 0.426652 0.503986 0.194665 0.277334
