0 0.924920 0.073436 0.143564 0.146865
0 0.286309 0.567660 0.321784 0.306934
0 0.170799 0.283006 0.318493 0.235973
0 0.419141 0.281362 0.204622 0.212855
0 0.878722 0.310233 0.235960 0.316833
0 0.773931 0.613037 0.396038 0.252507
0 0.715355 0.105617 0.565996 0.211227
0 0.179870 0.182345 0.336634 0.325081
0 0.392743 0.100662 0.158415 0.122113
0 0.764030 0.824253 0.135286 0.143551
0 0.447191 0.892741 0.188132 0.148516
0 0.164189 0.842417 0.282168 0.153454
0 0.059409 0.462874 0.115511 0.202969
0 0.094889 0.659240 0.189779 0.179873
0 0.363039 0.773929 0.141917 0.141914
0 0.500003 0.622939 0.132012 0.146862
0 0.558584 0.448846 0.212871 0.171618
0 0.578385 0.327560 0.127064 0.179867
0 0.592412 0.097362 0.201322 0.168317
