0 0.297868 0.904281 0.259082 0.191439
0 0.240099 0.107267 0.136969 0.122119
0 0.674919 0.305282 0.376237 0.402640
0 0.655119 0.632017 0.204619 0.171618
0 0.437300 0.458748 0.204613 0.303630
0 0.393563 0.708748 0.143571 0.146865
0 0.830029 0.451318 0.330046 0.249186
0 0.693071 0.932352 0.194717 0.128701
0 0.904294 0.066833 0.138613 0.120462
0 0.048682 0.434829 0.097363 0.103975
0 0.308594 0.624593 0.207943 0.146842
0 0.877070 0.272282 0.239284 0.254134
0 0.955443 0.771453 0.082520 0.328382
0 0.877067 0.844063 0.117155 0.160065
0 0.532181 0.797031 0.130365 0.141914
0 0.834980 0.646043 0.198008 0.183174
0 0.509906 0.938932 0.198027 0.118815
0 0.589113 0.443890 0.155114 0.181530
0 0.641090 0.191421 0.163366 0.171618
0 0.056108 0.206273 0.102308 0.138613
0 0.140270 0.099012 0.148509 0.138617
0 0.462044 0.163374 0.224414 0.247516
0 0.194725 0.280534 0.161722 0.122135
0 0.126247 0.677396 0.150150 0.179870
0 0.179876 0.457923 0.293717 0.209570
