0 0.879541 0.485150 0.231022 0.099010
0 0.810278 0.134536 0.202972 0.193070
0 0.479421 0.728595 0.211224 0.275576
0 0.925783 0.898568 0.146878 0.186458
0 0.259946 0.435685 0.221130 0.247510
0 0.750047 0.521499 0.310231 0.349834
0 0.359774 0.233553 0.371305 0.457080
0 0.112648 0.877106 0.225296 0.216165
0 0.122161 0.801203 0.103958 0.087458
0 0.060278 0.512419 0.115511 0.117155
0 0.199284 0.670838 0.154362 0.143564
0 0.070568 0.272326 0.141136 0.221123
0 0.471995 0.515723 0.249173 0.212871
0 0.293776 0.823486 0.154453 0.132044
0 0.943896 0.158418 0.108913 0.221120
0 0.820135 0.310233 0.155114 0.224424
0 0.641090 0.270630 0.255775 0.264027
0 0.723599 0.033831 0.328382 0.067656
0 0.644391 0.324261 0.173268 0.216172
0 0.693896 0.815184 0.163366 0.118812
0 0.674095 0.968649 0.113861 0.056107
