0 0.090807 0.816055 0.173268 0.351484
0 0.364733 0.116383 0.348184 0.216172
0 0.874635 0.681566 0.212871 0.221120
0 0.741797 0.857308 0.224421 0.219473
0 0.665890 0.670015 0.267327 0.254124
0 0.261598 0.440641 0.333333 0.412539
0 0.502912 0.217043 0.994176 0.430693
0 0.905163 0.905163 0.178216 0.173268
0 0.292127 0.854832 0.298682 0.270628
0 0.945592 0.508298 0.107259 0.198021
0 0.514899 0.889486 0.226074 0.191419
0 0.464569 0.697243 0.207920 0.160065
0 0.252523 0.696418 0.127064 0.079209
0 0.761598 0.167539 0.392741 0.328385
0 0.683216 0.396087 0.315182 0.244225
