0 0.570140 0.078390 0.113861 0.094059
0 0.077562 0.122944 0.155124 0.156768
0 0.435651 0.163374 0.217819 0.320133
0 0.929871 0.202974 0.140257 0.405947
0 0.429049 0.759907 0.283828 0.193070
0 0.813540 0.628721 0.363037 0.478548
0 0.943898 0.943898 0.112204 0.112204
0 0.775586 0.888618 0.237624 0.222764
0 0.089115 0.292918 0.178216 0.216182
0 0.129546 0.627070 0.255778 0.349837
0 0.459578 0.318490 0.308584 0.379538
0 0.510734 0.634497 0.318480 0.338285
0 0.741756 0.228555 0.288779 0.315182
0 0.182347 0.913374 0.364694 0.163369
0 0.382020 0.434826 0.186468 0.229372
0 0.478556 0.509084 0.066006 0.064359
