0 0.135316 0.584160 0.201322 0.201322
0 0.713700 0.495052 0.569307 0.432344
0 0.183996 0.338286 0.367985 0.323434
0 0.784657 0.073436 0.179867 0.136963
0 0.691423 0.152643 0.138613 0.212871
0 0.889442 0.184818 0.217822 0.359740
0 0.429873 0.163376 0.265671 0.310215
0 0.507428 0.975249 0.051152 0.049502
0 0.249178 0.186471 0.207920 0.181517
0 0.066016 0.797033 0.132031 0.399339
0 0.066842 0.086637 0.130378 0.166667
0 0.306108 0.513203 0.186468 0.148516
0 0.698848 0.145216 0.229375 0.290433
0 0.441421 0.807759 0.156768 0.176566
0 0.906768 0.830861 0.080859 0.080856
0 0.632835 0.935646 0.183158 0.118812
0 0.621289 0.748351 0.272279 0.235973
0 0.426571 0.596538 0.186468 0.245876
0 0.864687 0.637791 0.237624 0.222770
0 0.810233 0.769805 0.072607 0.070957
0 0.329211 0.876240 0.080856 0.095710
0 0.228550 0.837461 0.087458 0.127064
0 0.892743 0.960399 0.112210 0.075908
