0 0.835026 0.767375 0.318490 0.445544
0 0.810278 0.529744 0.367985 0.264014
0 0.635361 0.089982 0.298678 0.176566
0 0.846582 0.203018 0.110560 0.135313
0 0.127109 0.575954 0.239271 0.389434
0 0.881239 0.349058 0.212868 0.209574
0 0.901426 0.049557 0.197148 0.092422
0 0.946805 0.122990 0.106390 0.074268
0 0.623810 0.268197 0.140264 0.133659
0 0.536351 0.471170 0.150163 0.193070
0 0.652687 0.684041 0.122113 0.140264
0 0.421665 0.563579 0.062705 0.054456
0 0.075955 0.830080 0.097360 0.082510
0 0.557804 0.871335 0.143564 0.231022
0 0.741797 0.245921 0.128711 0.085807
0 0.115560 0.315229 0.216172 0.181520
0 0.235195 0.156789 0.468646 0.313577
0 0.298727 0.863084 0.361387 0.260726
0 0.314404 0.581730 0.148516 0.146865
0 0.446418 0.643612 0.118812 0.112210
0 0.294601 0.401037 0.125413 0.122113
0 0.316055 0.703843 0.102311 0.090758
0 0.056154 0.953843 0.103962 0.085811
0 0.477772 0.288826 0.118812 0.165016
0 0.403507 0.375456 0.112223 0.143555
