0 0.453018 0.374635 0.514850 0.346536
0 0.236022 0.887835 0.173268 0.092409
0 0.238496 0.739321 0.141914 0.148512
0 0.089982 0.765724 0.168317 0.306930
0 0.128760 0.213745 0.255775 0.424092
0 0.851533 0.860609 0.127064 0.123763
0 0.507474 0.196418 0.145215 0.204619
0 0.059453 0.510773 0.117161 0.249176
0 0.409289 0.559453 0.242575 0.227721
0 0.317705 0.073480 0.194720 0.123763
0 0.821831 0.071810 0.341579 0.143620
0 0.632886 0.810278 0.125413 0.158415
0 0.612259 0.040475 0.255775 0.070957
0 0.566880 0.589982 0.178219 0.183167
0 0.759124 0.600708 0.160065 0.161715
0 0.795428 0.730246 0.097360 0.087458
0 0.936515 0.660939 0.125413 0.189769
0 0.776450 0.389486 0.250824 0.240924
0 0.525625 0.709618 0.115514 0.161715
0 0.395262 0.871335 0.115511 0.125410
0 0.900212 0.169189 0.145215 0.146862
