0 0.783875 0.775625 0.179867 0.132012
0 0.698066 0.883711 0.308581 0.222773
0 0.515724 0.841631 0.151813 0.132012
0 0.492622 0.671665 0.171618 0.151813
0 0.680741 0.203843 0.234326 0.196370
0 0.862648 0.353182 0.274704 0.221123
0 0.897731 0.050382 0.199655 0.090771
0 0.670015 0.527275 0.381188 0.193066
0 0.612259 0.406813 0.196367 0.199668
0 0.443117 0.354009 0.178219 0.232673
0 0.033052 0.311929 0.057757 0.171618
0 0.311104 0.506649 0.135312 0.122113
0 0.188166 0.453843 0.176566 0.151813
0 0.043340 0.533050 0.086680 0.148516
0 0.205495 0.150220 0.399336 0.300342
0 0.215788 0.786328 0.431576 0.427344
0 0.481071 0.106483 0.201322 0.160068
0 0.959183 0.589157 0.081634 0.184818
0 0.895262 0.528101 0.079209 0.085811
0 0.646087 0.692292 0.122109 0.130365
