0 0.669320 0.701318 0.178665 0.160000
0 0.515985 0.473319 0.205335 0.157334
0 0.058652 0.808651 0.098665 0.075999
0 0.263314 0.525993 0.102669 0.126680
0 0.903986 0.475986 0.184001 0.093333
0 0.827319 0.611318 0.161331 0.113333
0 0.389320 0.793986 0.133333 0.172002
0 0.102651 0.872651 0.069333 0.097334
0 0.705319 0.514652 0.090664 0.120000
0 0.127319 0.680651 0.078669 0.060000
0 0.522651 0.785319 0.104001 0.117331
0 0.435319 0.135986 0.137331 0.160000
0 0.308651 0.165993 0.204001 0.281322
0 0.242651 0.806652 0.165335 0.165335
0 0.037987 0.601318 0.070667 0.120000
0 0.155986 0.953319 0.080000 0.058669
