0 0.915843 0.334160 0.168314 0.255775
0 0.853963 0.617988 0.077555 0.117161
0 0.247528 0.957098 0.122113 0.079209
0 0.283831 0.830861 0.085807 0.140264
0 0.964523 0.521453 0.070954 0.165016
0 0.926569 0.881191 0.146862 0.231022
0 0.074259 0.909243 0.148519 0.165016
0 0.354788 0.041257 0.082507 0.079206
0 0.687297 0.633665 0.103962 0.105612
0 0.712049 0.546206 0.103962 0.125413
0 0.215350 0.250002 0.245876 0.229372
0 0.119639 0.767329 0.239277 0.280531
0 0.547858 0.636966 0.231022 0.264023
0 0.472775 0.099012 0.146865 0.148512
0 0.752479 0.229375 0.165016 0.270625
0 0.809409 0.479375 0.186468 0.166667
0 0.699673 0.745052 0.125413 0.160065
0 0.775579 0.882015 0.178216 0.216172
