0 0.489276 0.537956 0.391090 0.415840
0 0.478551 0.829209 0.194720 0.216172
0 0.396042 0.902643 0.085807 0.089108
0 0.674095 0.164194 0.103958 0.080856
0 0.952660 0.683986 0.094681 0.175999
0 0.815184 0.074259 0.198018 0.135316
0 0.456274 0.068485 0.097360 0.130361
0 0.531318 0.255319 0.161335 0.140000
0 0.411719 0.147692 0.140267 0.123763
0 0.963320 0.197318 0.073333 0.240000
0 0.960653 0.890653 0.078669 0.170667
0 0.601488 0.412544 0.186471 0.132015
0 0.868813 0.355612 0.262373 0.209570
0 0.780531 0.511553 0.221120 0.191419
0 0.153468 0.057757 0.264027 0.115514
0 0.821785 0.823434 0.171618 0.148516
0 0.146867 0.391092 0.148512 0.122113
0 0.743402 0.966999 0.117161 0.059408
