0 0.342458 0.023151 0.089108 0.046204
0 0.658457 0.858140 0.377878 0.277217
0 0.237240 0.765718 0.474479 0.458734
0 0.745101 0.170833 0.491764 0.328385
0 0.471997 0.317702 0.476904 0.453789
0 0.033875 0.160937 0.059404 0.123763
0 0.111003 0.529748 0.222005 0.363031
0 0.336681 0.202194 0.176566 0.216172
0 0.108140 0.246742 0.191410 0.163353
0 0.772324 0.302853 0.216172 0.229372
0 0.925789 0.875461 0.136963 0.153467
0 0.941466 0.628761 0.105609 0.118812
0 0.548727 0.668364 0.085807 0.075908
0 0.637837 0.559453 0.108910 0.102311
0 0.153514 0.128760 0.094059 0.082507
0 0.811929 0.632886 0.113864 0.150166
