0 0.071829 0.891961 0.112214 0.136963
0 0.302028 0.884536 0.361387 0.224424
0 0.894437 0.266549 0.206270 0.496699
0 0.825130 0.411764 0.338281 0.308581
0 0.192292 0.527275 0.062708 0.070957
0 0.490970 0.405164 0.264023 0.288779
0 0.027664 0.754172 0.055329 0.122113
0 0.215394 0.634536 0.353138 0.325081
0 0.654338 0.932391 0.316833 0.128714
0 0.887010 0.765724 0.211221 0.435641
0 0.243447 0.303678 0.095710 0.105612
0 0.289652 0.449718 0.141914 0.143564
0 0.121335 0.383711 0.240924 0.255775
0 0.586681 0.736847 0.478545 0.331683
0 0.446418 0.122961 0.884489 0.245921
