0 0.210399 0.112214 0.275576 0.207923
0 0.091587 0.951322 0.173265 0.080859
0 0.098185 0.212049 0.196370 0.278877
0 0.707098 0.136965 0.298682 0.260726
0 0.382842 0.072609 0.194720 0.145218
0 0.540431 0.069305 0.199671 0.138604
0 0.429046 0.460402 0.574258 0.369632
0 0.325085 0.952155 0.326732 0.092396
0 0.506603 0.931520 0.148512 0.113861
0 0.588286 0.773931 0.094059 0.075908
0 0.431520 0.693073 0.057754 0.046204
0 0.897692 0.969474 0.082507 0.051156
0 0.802806 0.418319 0.117161 0.199671
0 0.431520 0.248351 0.123763 0.140264
0 0.940592 0.227726 0.118815 0.313532
0 0.878716 0.550332 0.226071 0.262376
0 0.707925 0.697197 0.310231 0.255775
