0 0.879587 0.736021 0.212871 0.402640
0 0.461268 0.481071 0.122113 0.130365
0 0.165063 0.349883 0.252477 0.198021
0 0.184867 0.589157 0.268978 0.244225
0 0.507474 0.652689 0.471947 0.351484
0 0.240146 0.166715 0.267324 0.237624
0 0.938991 0.059455 0.110560 0.118812
0 0.942681 0.503348 0.114639 0.330036
0 0.363910 0.350708 0.224421 0.282178
0 0.069743 0.740146 0.139486 0.117161
0 0.687340 0.306154 0.369635 0.374587
0 0.667539 0.891136 0.085807 0.085807
0 0.455493 0.810278 0.193070 0.168317
0 0.691466 0.093281 0.136963 0.130365
0 0.023149 0.355658 0.044554 0.493398
0 0.979421 0.202194 0.029701 0.070957
0 0.759950 0.858133 0.118812 0.125413
