0 0.127111 0.284678 0.239274 0.569355
0 0.688991 0.028101 0.092409 0.056104
0 0.799552 0.218695 0.178219 0.315182
0 0.881235 0.499224 0.136963 0.140264
0 0.788001 0.859784 0.201322 0.231025
0 0.809015 0.361353 0.297907 0.660231
0 0.972383 0.037152 0.055234 0.074303
0 0.145262 0.629587 0.176566 0.166667
0 0.392786 0.212920 0.292077 0.336634
0 0.032227 0.844933 0.059408 0.115511
0 0.934041 0.396087 0.127061 0.158418
0 0.618034 0.380410 0.231022 0.245872
0 0.264899 0.462093 0.178216 0.184818
0 0.313579 0.075954 0.107262 0.138613
0 0.476951 0.664238 0.315166 0.509902
0 0.377935 0.586680 0.153467 0.166667
0 0.146912 0.811929 0.113864 0.079209
0 0.746746 0.666714 0.165016 0.198018
0 0.916714 0.818530 0.155114 0.303630
