0 0.905117 0.729375 0.123763 0.138613
0 0.409243 0.193071 0.151813 0.257425
0 0.391916 0.575085 0.321781 0.341582
0 0.071784 0.047858 0.127064 0.089108
0 0.172445 0.900993 0.153464 0.151816
0 0.810234 0.904292 0.326732 0.184821
0 0.903468 0.543730 0.186468 0.216172
0 0.932345 0.312708 0.128714 0.219473
0 0.807757 0.268154 0.163366 0.219473
0 0.653468 0.133667 0.313532 0.211221
0 0.213700 0.359740 0.189769 0.244225
0 0.157593 0.713700 0.292080 0.533005
0 0.613040 0.544557 0.315182 0.349837
0 0.442254 0.858083 0.260739 0.280514
