0 0.912544 0.938945 0.171618 0.105612
0 0.048682 0.155942 0.061055 0.061058
0 0.178221 0.297033 0.075908 0.069307
0 0.430695 0.650169 0.363037 0.158411
0 0.277230 0.801157 0.227721 0.186468
0 0.837461 0.815184 0.199668 0.174919
0 0.671619 0.521453 0.079209 0.066006
0 0.210902 0.933234 0.237624 0.126943
0 0.229377 0.436471 0.448844 0.321784
0 0.654294 0.796208 0.209570 0.245872
0 0.541257 0.329211 0.379538 0.450498
0 0.849844 0.160894 0.297018 0.315179
0 0.827560 0.419144 0.255778 0.376237
0 0.549507 0.553633 0.066006 0.067656
