0 0.826779 0.472824 0.090758 0.239268
0 0.936515 0.898563 0.118812 0.193070
0 0.915889 0.740146 0.160065 0.166667
0 0.929089 0.511603 0.140260 0.155107
0 0.384539 0.316878 0.767321 0.521452
0 0.467874 0.796257 0.927402 0.400977
0 0.205493 0.501698 0.165016 0.257425
0 0.898561 0.134535 0.174922 0.117161
0 0.894437 0.311929 0.133665 0.128714
0 0.895262 0.622985 0.165016 0.103958
0 0.754912 0.914985 0.250983 0.156924
0 0.514074 0.597407 0.290426 0.353135
0 0.857308 0.244272 0.198021 0.151813
0 0.357308 0.229421 0.188118 0.198021
0 0.670840 0.727770 0.287129 0.257428
