0 0.598187 0.580034 0.103958 0.199671
0 0.552808 0.693896 0.115511 0.136966
0 0.806934 0.231851 0.244225 0.130361
0 0.617988 0.907593 0.127064 0.178219
0 0.446372 0.726076 0.090758 0.079209
0 0.797033 0.577560 0.356436 0.244222
0 0.858919 0.905122 0.272266 0.183161
0 0.817660 0.076735 0.358086 0.146862
0 0.396867 0.514854 0.275576 0.330033
0 0.437297 0.319307 0.455446 0.628717
0 0.244225 0.633665 0.488451 0.716172
0 0.793732 0.392741 0.227725 0.224421
0 0.874590 0.740101 0.244225 0.133665
0 0.146043 0.164194 0.235973 0.295381
