0 0.384491 0.190597 0.125413 0.103962
0 0.485145 0.295381 0.102321 0.102311
0 0.831689 0.245046 0.260710 0.463685
0 0.338286 0.063534 0.168317 0.087458
0 0.644385 0.236808 0.120475 0.166683
0 0.733499 0.578385 0.216172 0.166667
0 0.512376 0.567668 0.156758 0.128727
0 0.481849 0.717824 0.125417 0.102308
0 0.866338 0.774753 0.181517 0.130365
0 0.868815 0.357262 0.173268 0.173268
0 0.927396 0.602311 0.135313 0.141914
0 0.944722 0.457923 0.103962 0.146862
0 0.578385 0.074261 0.226074 0.138613
0 0.580029 0.433187 0.430697 0.166699
0 0.602313 0.779705 0.165016 0.163369
0 0.285479 0.693896 0.270632 0.245866
0 0.872116 0.146042 0.209570 0.219473
0 0.068483 0.636966 0.136966 0.174915
0 0.146035 0.935651 0.285495 0.125404
0 0.316007 0.529710 0.169971 0.148522
0 0.139445 0.248356 0.272282 0.417480
