0 0.459603 0.854834 0.277214 0.273926
0 0.432386 0.513249 0.674928 0.392741
0 0.238496 0.674964 0.135312 0.105612
0 0.229421 0.761598 0.090762 0.084160
0 0.664238 0.913390 0.191419 0.173219
0 0.863908 0.424139 0.260726 0.260726
0 0.523971 0.088307 0.260716 0.176615
0 0.849062 0.122160 0.293737 0.244222
0 0.887835 0.762424 0.212871 0.455446
0 0.763249 0.844932 0.171615 0.145215
0 0.480246 0.245098 0.351488 0.117161
0 0.111823 0.184041 0.223646 0.235973
0 0.323488 0.936509 0.196383 0.120479
0 0.147738 0.864735 0.283828 0.264027
0 0.448066 0.372985 0.224421 0.158418
0 0.919580 0.275625 0.160840 0.115514
0 0.368034 0.080911 0.166667 0.148529
0 0.587507 0.647738 0.232676 0.209570
