0 0.949717 0.542952 0.089108 0.095710
0 0.841634 0.362256 0.311849 0.245866
0 0.837070 0.764902 0.325859 0.305286
0 0.638662 0.489321 0.268978 0.255778
0 0.547897 0.242620 0.179857 0.174915
0 0.508298 0.105658 0.965345 0.204622
0 0.837507 0.599058 0.194720 0.155114
0 0.265726 0.257467 0.348184 0.174909
0 0.788001 0.095757 0.300332 0.165016
0 0.504998 0.330905 0.186468 0.173268
0 0.434041 0.521501 0.239274 0.184818
0 0.231896 0.721994 0.112210 0.133662
0 0.152687 0.492622 0.303630 0.681520
0 0.326779 0.899388 0.285479 0.188118
0 0.796252 0.944767 0.227725 0.103962
0 0.546245 0.759123 0.301995 0.343232
