0 0.894437 0.443942 0.077559 0.082507
0 0.947241 0.599061 0.103955 0.132021
0 0.900212 0.364733 0.135312 0.135312
0 0.913415 0.243441 0.141914 0.127051
0 0.275625 0.184865 0.107259 0.158415
0 0.055327 0.047904 0.066006 0.046204
0 0.373810 0.312754 0.105609 0.110560
0 0.472005 0.833381 0.219466 0.240921
0 0.743447 0.115560 0.148516 0.138613
0 0.935254 0.108958 0.129492 0.158418
0 0.238496 0.522324 0.135312 0.067656
0 0.793776 0.538001 0.113861 0.125410
0 0.752536 0.377116 0.183145 0.123724
0 0.594106 0.273151 0.206273 0.219473
0 0.039652 0.293778 0.077559 0.118812
0 0.037565 0.638664 0.075130 0.184814
0 0.170410 0.815236 0.340820 0.363024
0 0.173315 0.080080 0.090758 0.107262
0 0.174136 0.303683 0.201331 0.165029
0 0.627109 0.055329 0.113861 0.107259
0 0.551198 0.506646 0.334974 0.366331
0 0.506649 0.072655 0.176566 0.132015
0 0.968691 0.438991 0.057760 0.099010
0 0.901432 0.838335 0.197135 0.132008
0 0.621335 0.751698 0.158418 0.143564
0 0.137012 0.608133 0.080859 0.094059
0 0.389486 0.134536 0.080859 0.100661
