0 0.387791 0.336636 0.171618 0.204619
0 0.380365 0.853138 0.173268 0.125410
0 0.361390 0.284657 0.092409 0.084157
0 0.481851 0.274756 0.145212 0.166667
0 0.685646 0.207098 0.123760 0.136963
0 0.577560 0.568483 0.201318 0.120462
0 0.056108 0.772279 0.112210 0.237624
0 0.471948 0.042907 0.122113 0.085807
0 0.931520 0.167493 0.133665 0.206270
0 0.886141 0.605614 0.099007 0.132015
0 0.863037 0.848187 0.237624 0.257428
0 0.287131 0.658418 0.409242 0.419141
0 0.137790 0.340762 0.275579 0.338281
0 0.639443 0.811058 0.341582 0.367988
0 0.036307 0.053633 0.072607 0.103958
