0 0.674095 0.195547 0.308581 0.361387
0 0.242576 0.165020 0.485146 0.323431
0 0.039608 0.562708 0.069307 0.194720
0 0.471125 0.530531 0.325081 0.348184
0 0.075085 0.232676 0.150163 0.316829
0 0.816009 0.458748 0.090762 0.102308
0 0.677396 0.523929 0.163366 0.301979
0 0.829211 0.624590 0.136963 0.169967
0 0.196372 0.311883 0.158415 0.181520
0 0.634491 0.900168 0.721123 0.193070
0 0.905942 0.112214 0.174919 0.224421
0 0.904292 0.358914 0.165016 0.189769
0 0.224425 0.582511 0.300329 0.346533
0 0.500010 0.785483 0.983483 0.237627
