0 0.301157 0.666668 0.061058 0.066006
0 0.816833 0.440589 0.323431 0.287116
0 0.816009 0.798683 0.364688 0.267327
0 0.141090 0.444722 0.272279 0.163369
0 0.025581 0.064359 0.047855 0.082507
0 0.424920 0.095713 0.328382 0.191419
0 0.762378 0.194720 0.303630 0.389440
0 0.058584 0.959574 0.117161 0.061055
0 0.089935 0.674920 0.169967 0.105609
0 0.938120 0.206273 0.123760 0.135313
0 0.644391 0.614688 0.265677 0.265677
0 0.495877 0.510734 0.391090 0.305290
0 0.273929 0.325910 0.333333 0.173265
0 0.628714 0.800332 0.099010 0.082507
0 0.938947 0.358913 0.118812 0.107259
