0 0.470299 0.676569 0.201322 0.231022
0 0.342410 0.527231 0.100661 0.146865
0 0.222775 0.325910 0.224424 0.242575
0 0.320960 0.760728 0.202969 0.161715
0 0.025581 0.045382 0.044554 0.080856
0 0.509079 0.293732 0.245872 0.280531
0 0.680695 0.669969 0.275576 0.270628
0 0.200496 0.639442 0.150166 0.146865
0 0.363039 0.032181 0.132015 0.064355
0 0.145218 0.906768 0.188118 0.173268
0 0.204622 0.785482 0.145215 0.118815
0 0.072611 0.509079 0.135312 0.117161
0 0.860563 0.231851 0.067656 0.097360
0 0.531354 0.894391 0.240924 0.194720
0 0.143568 0.053633 0.135313 0.103958
0 0.681520 0.105614 0.231022 0.174919
0 0.691423 0.226076 0.145215 0.118812
0 0.783831 0.316833 0.184818 0.145215
0 0.831686 0.867163 0.326732 0.239274
0 0.523105 0.871289 0.085807 0.145215
0 0.306934 0.886966 0.158418 0.160065
0 0.057757 0.729375 0.115514 0.151816
0 0.053633 0.146867 0.090762 0.085811
0 0.717824 0.457923 0.151813 0.173268
0 0.088286 0.404292 0.136963 0.128714
0 0.189771 0.514030 0.118812 0.123763
0 0.973599 0.196372 0.052803 0.069307
