0 0.133711 0.221995 0.103958 0.084160
0 0.873810 0.223646 0.227725 0.268978
0 0.493831 0.853984 0.987663 0.292031
0 0.438994 0.500047 0.833327 0.481846
0 0.817703 0.068529 0.168317 0.123763
0 0.559453 0.685690 0.216172 0.348184
0 0.125459 0.162590 0.113861 0.087458
0 0.627935 0.416714 0.300329 0.318480
0 0.712093 0.911764 0.191419 0.166667
0 0.446411 0.102357 0.191410 0.174915
0 0.924967 0.527275 0.128711 0.212871
0 0.264899 0.151862 0.165020 0.105612
0 0.893612 0.921665 0.155114 0.133662
0 0.663413 0.141138 0.229372 0.232673
0 0.094932 0.089132 0.174915 0.178265
0 0.348232 0.674966 0.262376 0.300329
