0 0.726945 0.335031 0.066006 0.069307
0 0.415889 0.517375 0.321784 0.384489
0 0.128760 0.446418 0.249173 0.268975
0 0.424964 0.792952 0.227721 0.252474
0 0.697246 0.107311 0.273919 0.201328
0 0.606483 0.313579 0.056104 0.059404
0 0.264899 0.146911 0.528053 0.287129
0 0.282227 0.931566 0.301979 0.127064
0 0.344932 0.212095 0.123763 0.146865
0 0.643612 0.817705 0.077555 0.067656
0 0.937728 0.536349 0.124544 0.118812
0 0.932391 0.689816 0.127061 0.125413
0 0.858133 0.953018 0.202972 0.087461
0 0.739321 0.469518 0.176566 0.117161
0 0.817705 0.615558 0.145215 0.155114
