0 0.885361 0.278926 0.191419 0.194720
0 0.612259 0.864733 0.212871 0.135313
0 0.689818 0.457144 0.259076 0.366338
0 0.469515 0.824305 0.168327 0.206273
0 0.891136 0.650213 0.212871 0.547855
0 0.210444 0.870509 0.165016 0.110563
0 0.332557 0.783877 0.171618 0.145215
0 0.128761 0.738496 0.090758 0.074258
0 0.560280 0.170840 0.330033 0.209570
0 0.765724 0.100684 0.460394 0.201367
0 0.473644 0.573480 0.229372 0.259076
0 0.057804 0.618035 0.094059 0.097360
0 0.169189 0.417539 0.174915 0.201322
0 0.263249 0.183215 0.462044 0.359736
0 0.273149 0.578429 0.122113 0.183167
