0 0.523929 0.650168 0.371289 0.495049
0 0.117988 0.284655 0.235977 0.262376
0 0.914193 0.952147 0.141914 0.082510
0 0.213698 0.915845 0.160065 0.165016
0 0.084977 0.769798 0.169954 0.252487
0 0.839930 0.812708 0.178232 0.242572
0 0.178221 0.063535 0.128714 0.117161
0 0.329211 0.173270 0.186468 0.280531
0 0.584987 0.326735 0.113861 0.155117
0 0.308582 0.508252 0.108910 0.095710
0 0.939772 0.316007 0.113861 0.189769
0 0.838286 0.563534 0.306930 0.268975
0 0.781356 0.296208 0.255778 0.394388
0 0.534658 0.201322 0.184811 0.191419
0 0.108914 0.504128 0.214521 0.268978
0 0.925745 0.111388 0.138613 0.196370
