0 0.856444 0.144396 0.122113 0.136963
0 0.310239 0.828392 0.396038 0.333333
0 0.204624 0.912546 0.409248 0.174909
0 0.394396 0.681527 0.158415 0.231022
0 0.476906 0.474430 0.128714 0.160065
0 0.630373 0.566841 0.135316 0.146865
0 0.957096 0.729380 0.085807 0.531351
0 0.309414 0.270635 0.084160 0.085807
0 0.755781 0.137796 0.145215 0.146862
0 0.706278 0.378721 0.204619 0.219473
0 0.225256 0.604793 0.110563 0.090758
0 0.872121 0.273936 0.186468 0.191419
0 0.076740 0.169971 0.150166 0.339941
0 0.198853 0.108092 0.193070 0.166667
0 0.454627 0.140270 0.470296 0.280527
0 0.196377 0.457103 0.184818 0.184818
0 0.069313 0.036307 0.099010 0.072614
0 0.620470 0.184001 0.112210 0.130365
