0 0.299507 0.420794 0.295381 0.161719
0 0.545386 0.881196 0.061064 0.052816
0 0.070133 0.625415 0.140267 0.165016
0 0.795382 0.796208 0.217822 0.206270
0 0.505778 0.306932 0.265677 0.405941
0 0.359738 0.142741 0.270628 0.275579
0 0.475251 0.724425 0.188118 0.207920
0 0.287131 0.910067 0.174919 0.179867
0 0.366340 0.504953 0.310231 0.138617
0 0.107262 0.871291 0.178216 0.214521
0 0.329211 0.621289 0.064359 0.064355
0 0.156769 0.186471 0.303630 0.323431
0 0.863866 0.178219 0.239268 0.174915
0 0.650991 0.566009 0.288779 0.290430
0 0.892743 0.526405 0.211221 0.244222
0 0.460397 0.841587 0.095710 0.102308
0 0.703797 0.288781 0.090758 0.089111
0 0.952972 0.703799 0.094056 0.209570
