0 0.898128 0.091626 0.203743 0.183154
0 0.210441 0.218695 0.415837 0.417493
0 0.416714 0.483547 0.544554 0.273929
0 0.107308 0.841631 0.146862 0.145215
0 0.207967 0.717044 0.146865 0.140267
0 0.769849 0.048729 0.270628 0.097360
0 0.544603 0.297902 0.400990 0.301982
0 0.633711 0.701367 0.338281 0.326732
0 0.404338 0.698892 0.136963 0.146865
0 0.121335 0.519849 0.085807 0.069307
0 0.328431 0.803677 0.120462 0.115511
0 0.448066 0.858133 0.085807 0.082510
0 0.826781 0.879585 0.199668 0.108910
0 0.779751 0.470345 0.135316 0.145215
0 0.887012 0.563579 0.178216 0.146865
0 0.907202 0.344110 0.185596 0.206279
