0 0.605648 0.552035 0.579199 0.417480
0 0.264901 0.316886 0.277230 0.128727
0 0.493447 0.052028 0.216172 0.103958
0 0.264899 0.221995 0.148516 0.130365
0 0.087070 0.873810 0.174141 0.189769
0 0.705493 0.107316 0.184821 0.204606
0 0.187347 0.442292 0.217832 0.211217
0 0.198060 0.065228 0.143581 0.120462
0 0.053678 0.120509 0.099010 0.108910
0 0.526449 0.919165 0.212871 0.161670
0 0.119684 0.641136 0.224421 0.156764
0 0.880794 0.146908 0.238411 0.237630
0 0.556979 0.278926 0.184818 0.234323
0 0.678265 0.304504 0.133665 0.179867
0 0.917539 0.346582 0.150163 0.125410
0 0.306979 0.841632 0.160065 0.204619
0 0.051203 0.026450 0.097360 0.039606
0 0.351533 0.134536 0.179870 0.176566
0 0.871729 0.791309 0.256543 0.222786
