0 0.851484 0.745882 0.273932 0.501660
0 0.726076 0.130365 0.115511 0.145215
0 0.240099 0.770630 0.239268 0.132015
0 0.729375 0.749176 0.234323 0.151816
0 0.932345 0.328384 0.108910 0.072607
0 0.200495 0.120467 0.391094 0.181527
0 0.563530 0.454619 0.301976 0.513210
0 0.749178 0.311058 0.108910 0.103958
0 0.237625 0.599012 0.462048 0.244222
0 0.194722 0.344888 0.379541 0.178219
0 0.132835 0.918317 0.255794 0.143587
0 0.820135 0.409243 0.105609 0.155114
0 0.940597 0.074259 0.079209 0.102308
0 0.488451 0.036305 0.082507 0.039603
0 0.600662 0.046208 0.089111 0.052806
