0 0.222780 0.793737 0.194720 0.095710
0 0.886146 0.602318 0.132012 0.178216
0 0.873766 0.323441 0.252467 0.290430
0 0.448853 0.116340 0.333330 0.232679
0 0.891917 0.872119 0.216165 0.249173
0 0.735980 0.891917 0.135312 0.216165
0 0.769810 0.624595 0.084157 0.087458
0 0.104790 0.669150 0.209580 0.308581
0 0.396873 0.915848 0.186468 0.161715
0 0.139443 0.908423 0.278887 0.179867
0 0.387790 0.698853 0.151803 0.206273
0 0.731855 0.132842 0.529701 0.265684
0 0.542087 0.339116 0.212871 0.193070
0 0.220304 0.235980 0.400993 0.188118
