0 0.487627 0.450509 0.311882 0.356462
0 0.654292 0.126240 0.084157 0.103958
0 0.732676 0.755778 0.194720 0.151816
0 0.296208 0.579209 0.222773 0.141914
0 0.614689 0.891090 0.242575 0.198021
0 0.154292 0.584985 0.242575 0.199671
0 0.957096 0.086636 0.082507 0.140264
0 0.837461 0.177394 0.080859 0.103962
0 0.504953 0.121291 0.184821 0.232673
0 0.945545 0.253302 0.108910 0.186468
0 0.161719 0.292907 0.194720 0.222773
0 0.919144 0.893566 0.155117 0.202972
0 0.165020 0.882840 0.280527 0.234320
0 0.288781 0.292082 0.056104 0.079209
0 0.094886 0.118815 0.189772 0.198021
0 0.325910 0.131191 0.252477 0.216172
0 0.733499 0.084160 0.163366 0.168320
0 0.792078 0.413369 0.306924 0.169967
