0 0.449673 0.596538 0.377887 0.285479
0 0.351488 0.103136 0.273926 0.206273
0 0.522279 0.195547 0.262376 0.308581
0 0.108913 0.867993 0.207923 0.250830
0 0.513203 0.748353 0.108913 0.084160
0 0.729375 0.075086 0.244225 0.146865
0 0.029705 0.301982 0.059404 0.112214
0 0.914194 0.062710 0.161715 0.122113
0 0.500003 0.409245 0.247526 0.234323
0 0.016504 0.398517 0.029701 0.047855
0 0.122116 0.383667 0.049505 0.051156
0 0.765679 0.132017 0.122113 0.066006
0 0.942246 0.780522 0.115508 0.198005
0 0.302808 0.811058 0.067660 0.057754
0 0.169971 0.703797 0.092409 0.100661
0 0.726076 0.263205 0.174919 0.186468
0 0.924095 0.589937 0.141914 0.146865
0 0.700498 0.528049 0.315182 0.178232
0 0.132842 0.123765 0.255775 0.231025
0 0.214525 0.332510 0.234323 0.209570
0 0.957922 0.377065 0.084157 0.202972
0 0.757428 0.792082 0.191419 0.221123
