0 0.205448 0.717824 0.278877 0.211221
0 0.271455 0.218649 0.176569 0.196367
0 0.110998 0.505822 0.221995 0.239274
0 0.689816 0.251691 0.140264 0.120446
0 0.589982 0.245096 0.082510 0.097360
0 0.583384 0.478594 0.293721 0.283828
0 0.617210 0.142786 0.130365 0.136966
0 0.188166 0.335031 0.107262 0.108910
0 0.414238 0.405988 0.249173 0.244222
0 0.750047 0.961270 0.224424 0.061055
0 0.844938 0.042119 0.298665 0.077546
0 0.477770 0.069354 0.181517 0.125413
0 0.077995 0.214570 0.155990 0.336634
0 0.656769 0.759079 0.363037 0.369635
0 0.509123 0.319354 0.132015 0.136963
0 0.903514 0.221994 0.168317 0.136963
0 0.419144 0.640267 0.201322 0.224421
0 0.781400 0.111434 0.089108 0.094059
0 0.363083 0.886187 0.493398 0.217822
0 0.880410 0.593283 0.224421 0.235973
0 0.889486 0.821004 0.209570 0.179867
0 0.772324 0.249222 0.107259 0.151816
0 0.889486 0.387010 0.212871 0.193070
0 0.448066 0.120511 0.095710 0.095710
0 0.195591 0.059453 0.356436 0.112214
