0 0.811058 0.340762 0.321784 0.275579
0 0.759902 0.778880 0.226074 0.287129
0 0.303633 0.783831 0.165020 0.178216
0 0.031354 0.049508 0.062708 0.092409
0 0.887791 0.061060 0.125413 0.122113
0 0.296206 0.028057 0.090758 0.049505
0 0.566009 0.600662 0.112214 0.135316
0 0.136966 0.905942 0.161719 0.161715
0 0.198022 0.704622 0.085811 0.095710
0 0.472775 0.084160 0.143564 0.132012
0 0.698022 0.518979 0.158415 0.229372
0 0.964523 0.583337 0.070954 0.361387
0 0.704622 0.907593 0.191419 0.178219
0 0.698021 0.174920 0.240924 0.297028
