0 0.245877 0.088288 0.105609 0.166667
0 0.157593 0.525581 0.150166 0.189769
0 0.108088 0.099012 0.183167 0.135316
0 0.935646 0.768979 0.118812 0.171618
0 0.690596 0.386966 0.123763 0.143561
0 0.694722 0.220299 0.118812 0.150163
0 0.506603 0.058582 0.237627 0.117165
0 0.047852 0.150986 0.095703 0.275566
0 0.537131 0.131190 0.107262 0.100661
0 0.491753 0.304465 0.158421 0.206260
0 0.801982 0.560233 0.267324 0.196370
0 0.877065 0.263203 0.235973 0.490098
0 0.670794 0.051982 0.070957 0.067656
0 0.382840 0.358913 0.066006 0.061055
0 0.324259 0.314359 0.061058 0.054453
0 0.403467 0.231025 0.067656 0.079206
0 0.320135 0.461224 0.158415 0.163366
0 0.525584 0.582510 0.255785 0.290430
0 0.058584 0.409243 0.110560 0.135316
0 0.112214 0.262380 0.194720 0.181517
0 0.232676 0.623765 0.158418 0.181520
