0 0.822609 0.202152 0.150166 0.110553
0 0.948848 0.155117 0.095710 0.135313
0 0.869645 0.051152 0.250814 0.098997
0 0.638610 0.088285 0.194733 0.166660
0 0.356437 0.109740 0.260726 0.209570
0 0.405941 0.394391 0.264030 0.287129
0 0.566834 0.236800 0.245876 0.212871
0 0.118813 0.824259 0.237627 0.344886
0 0.542907 0.622939 0.323431 0.374590
0 0.134492 0.329211 0.265677 0.282178
0 0.078385 0.086637 0.156764 0.166667
0 0.221125 0.084985 0.201318 0.169971
0 0.375415 0.202148 0.183167 0.209570
0 0.736800 0.377891 0.173268 0.191419
0 0.888613 0.552808 0.219479 0.217822
0 0.592412 0.909240 0.244225 0.174925
