0 0.820179 0.617209 0.064355 0.069307
0 0.373809 0.580081 0.240924 0.169967
0 0.195592 0.353182 0.099010 0.122113
0 0.288003 0.394437 0.118812 0.151816
0 0.322655 0.192292 0.108910 0.123763
0 0.453018 0.325130 0.290430 0.171615
0 0.493447 0.099883 0.268978 0.163366
0 0.578429 0.211270 0.158415 0.141914
0 0.612259 0.689818 0.308581 0.217819
0 0.443117 0.860609 0.108910 0.136966
0 0.495921 0.968695 0.227721 0.059408
0 0.743447 0.846582 0.267324 0.224421
0 0.403512 0.727772 0.085807 0.072607
0 0.208794 0.143612 0.085811 0.138617
0 0.646911 0.382061 0.117161 0.133665
0 0.719520 0.509948 0.245876 0.138613
0 0.680741 0.099883 0.161715 0.090762
0 0.896912 0.121335 0.102308 0.133665
0 0.872985 0.437340 0.133665 0.138613
0 0.939380 0.560278 0.121240 0.153467
0 0.320181 0.047902 0.094059 0.082510
0 0.764899 0.241797 0.168314 0.199668
0 0.098232 0.745923 0.075905 0.069307
0 0.268200 0.780576 0.148516 0.145215
0 0.084206 0.395262 0.077559 0.064359
0 0.071393 0.895262 0.142786 0.199671
0 0.033050 0.265724 0.061055 0.082510
0 0.064404 0.108958 0.077559 0.085807
0 0.083381 0.635361 0.132015 0.108913
0 0.197243 0.638660 0.082507 0.125413
