0 0.523929 0.896867 0.206270 0.193070
0 0.173270 0.176569 0.085811 0.089108
0 0.836636 0.550332 0.115511 0.123763
0 0.290431 0.864689 0.409242 0.264027
0 0.903467 0.841587 0.193066 0.283831
0 0.063534 0.103138 0.123760 0.193073
0 0.064359 0.330861 0.125410 0.235973
0 0.332510 0.688947 0.665020 0.427393
0 0.935646 0.361388 0.072607 0.105609
0 0.813534 0.333335 0.099007 0.214521
0 0.707923 0.685646 0.244225 0.305283
0 0.226899 0.411719 0.232673 0.216172
0 0.693071 0.037957 0.059404 0.075908
0 0.665843 0.378714 0.272279 0.414193
0 0.415020 0.255778 0.358086 0.508249
