0 0.862214 0.142743 0.262376 0.282178
0 0.159258 0.920801 0.272305 0.158398
0 0.521455 0.521455 0.633665 0.663366
0 0.129541 0.043730 0.107259 0.070957
0 0.221950 0.772279 0.130365 0.135313
0 0.071784 0.171619 0.143568 0.165016
0 0.103138 0.385316 0.202969 0.252474
0 0.113862 0.652642 0.227725 0.245876
0 0.501652 0.126239 0.452145 0.252477
0 0.242576 0.240926 0.161715 0.165016
0 0.835811 0.881190 0.318483 0.224424
0 0.857264 0.682345 0.278877 0.321781
0 0.405119 0.915020 0.097360 0.110560
0 0.906769 0.345711 0.183167 0.245876
0 0.931520 0.490103 0.110560 0.112210
0 0.641092 0.947197 0.140264 0.089108
