0 0.143612 0.594933 0.087458 0.090758
0 0.481071 0.695592 0.495052 0.308581
0 0.087070 0.252523 0.174141 0.326732
0 0.153901 0.137837 0.307803 0.245876
0 0.473644 0.877111 0.292080 0.235973
0 0.675791 0.176616 0.330033 0.221123
0 0.410114 0.108958 0.125410 0.089108
0 0.920404 0.137012 0.159193 0.138613
0 0.282225 0.447241 0.338285 0.267327
0 0.621335 0.422489 0.108913 0.125413
0 0.914627 0.556152 0.170745 0.178216
0 0.870509 0.344106 0.181520 0.285479
0 0.415890 0.194767 0.140264 0.122113
0 0.528926 0.377111 0.178216 0.103962
0 0.286353 0.257474 0.115511 0.132012
0 0.554504 0.494272 0.156768 0.103962
0 0.857308 0.915065 0.181517 0.166667
0 0.698068 0.901038 0.232673 0.191419
0 0.880410 0.749224 0.188118 0.264027
0 0.685692 0.491797 0.168317 0.148516
