0 0.575085 0.835811 0.113861 0.087461
0 0.105612 0.867166 0.211224 0.259072
0 0.019805 0.174095 0.036302 0.127064
0 0.522279 0.123765 0.074258 0.085811
0 0.834985 0.102313 0.221123 0.201318
0 0.712049 0.570135 0.226071 0.140264
0 0.213700 0.799508 0.186468 0.259076
0 0.061060 0.336631 0.112210 0.138626
0 0.282181 0.513203 0.105612 0.095710
0 0.150993 0.584160 0.087461 0.085807
0 0.790431 0.759079 0.214521 0.237624
0 0.069308 0.557759 0.138617 0.297028
0 0.216999 0.115514 0.226074 0.181517
0 0.331686 0.923270 0.151816 0.127061
0 0.679046 0.417493 0.156764 0.155117
0 0.654292 0.263205 0.140264 0.136963
0 0.715348 0.906768 0.120462 0.150163
0 0.133665 0.231851 0.089108 0.064359
0 0.919146 0.191423 0.079209 0.085807
0 0.467824 0.210399 0.094059 0.084157
0 0.518154 0.377891 0.194720 0.201322
0 0.356439 0.284657 0.240924 0.146865
0 0.433996 0.014030 0.168317 0.028053
