0 0.906768 0.344888 0.186465 0.363037
0 0.314359 0.098187 0.351484 0.189772
0 0.633665 0.901818 0.105612 0.183167
0 0.048682 0.125413 0.097363 0.191419
0 0.656768 0.352313 0.320130 0.295381
0 0.533831 0.886141 0.070957 0.062705
0 0.744227 0.099012 0.491748 0.184821
0 0.080036 0.334160 0.150163 0.216172
0 0.383665 0.887791 0.117161 0.118812
0 0.197197 0.432347 0.097357 0.099010
0 0.209574 0.214523 0.174915 0.171618
0 0.825085 0.759904 0.339935 0.466995
0 0.412536 0.528057 0.528066 0.712871
0 0.082511 0.617165 0.161715 0.280527
0 0.753302 0.190596 0.160068 0.305280
0 0.118813 0.886966 0.221123 0.216172
0 0.911719 0.471125 0.090762 0.087458
