0 0.915018 0.642743 0.169964 0.143564
0 0.817660 0.948848 0.219473 0.095710
0 0.175744 0.712049 0.351488 0.566006
0 0.864689 0.796208 0.155114 0.163366
0 0.627891 0.419971 0.226074 0.209570
0 0.201315 0.043735 0.396055 0.087464
0 0.350662 0.233501 0.150166 0.140264
0 0.129541 0.328385 0.117161 0.112214
0 0.914193 0.245052 0.141914 0.150163
0 0.941421 0.403467 0.117158 0.160065
0 0.471125 0.430697 0.087458 0.102311
0 0.576735 0.745877 0.120462 0.132015
0 0.334160 0.561878 0.298678 0.206257
0 0.572609 0.215348 0.178219 0.255775
0 0.879546 0.105609 0.227712 0.184811
0 0.507428 0.886966 0.275579 0.100658
0 0.716999 0.598190 0.202969 0.133672
0 0.876240 0.934821 0.132012 0.110560
0 0.315184 0.904292 0.211221 0.171618
0 0.275581 0.306108 0.171618 0.232673
0 0.070133 0.608913 0.130365 0.237624
0 0.365514 0.084160 0.074258 0.099010
0 0.530531 0.057759 0.183171 0.105609
0 0.262380 0.147692 0.155117 0.127064
0 0.585819 0.614692 0.092425 0.107269
0 0.759902 0.786305 0.064355 0.077559
0 0.702148 0.070960 0.120462 0.128711
