0 0.221986 0.535319 0.091999 0.062669
0 0.149985 0.390653 0.132002 0.117334
0 0.524652 0.557985 0.286667 0.361335
0 0.089320 0.065317 0.160000 0.122666
0 0.155319 0.245319 0.108001 0.154668
0 0.268652 0.395317 0.131999 0.155999
0 0.027993 0.832651 0.055986 0.262666
0 0.647985 0.189320 0.080000 0.093333
0 0.255986 0.672653 0.151999 0.100000
0 0.959326 0.575319 0.081348 0.257331
0 0.770651 0.205319 0.101335 0.080000
0 0.903986 0.240651 0.112002 0.126667
0 0.517987 0.337319 0.075999 0.050667
0 0.505985 0.913986 0.124001 0.110667
0 0.785319 0.769985 0.154668 0.107998
0 0.745319 0.527985 0.122669 0.098665
0 0.819318 0.639985 0.169333 0.144001
0 0.751318 0.074652 0.233333 0.146667
0 0.229318 0.863319 0.144001 0.145335
0 0.121986 0.813984 0.060000 0.060000
0 0.587319 0.839985 0.155999 0.095999
0 0.275319 0.107985 0.134668 0.146667
0 0.095326 0.599985 0.190651 0.218669
0 0.967319 0.119318 0.065335 0.235999
0 0.677985 0.299320 0.089336 0.094668
0 0.713986 0.419985 0.081331 0.072002
0 0.537318 0.121318 0.111999 0.136003
0 0.459985 0.345319 0.181331 0.117331
0 0.297318 0.557985 0.085332 0.094668
